sta      PGA_Z   PGA_X   PGA_Y   PGA_3D  PGA_H  triID        evtID
5AE3E    2.55    1.30    1.00    3.03    1.64   1665429902   1665429882       20221010192442
8DD9B    1.94    0.55    0.68    2.13    0.88   1667949989   1667949984       20221108232623
5AEC4    2.39    0.84    0.73    2.64    1.11   1668908992   1668908982       20221120014941
5AF1E    1.81    0.92    1.03    2.28    1.38   1669484318   1669484284       20221126173804
5AE29    1.72    1.02    0.93    2.21    1.38   1669484318   1669484284       20221126173804
5AFDE    2.84    0.55    0.63    2.96    0.84   1668499617   1668499502       20221115080501
5AFA8    2.95    1.44    2.53    4.15    2.92   1665429902   1665429882       20221010192442
5AE3E    1.27    2.56    2.63    3.88    3.67   1669489826   1669489792       20221126190952
5AE99    1.52    1.73    1.29    2.64    2.16   1658616075   1658616050       20220723224050
5AF1E    2.18    0.94    0.92    2.54    1.31   1662526249   1662526244       20220907045043
5AE50    2.31   19.68   13.99   24.26   24.15   1663478420   1663478360       20220918051919
5AF48    1.98    0.84    0.62    2.24    1.04   1662526249   1662526244       20220907045043
5AE99    1.98    2.08    2.30    3.68    3.10   1668470843   1668470820       20221115000700
5AE50    1.87    0.60    0.73    2.09    0.94   1657437002   1657436992       20220710070952
5AE21   20.68   26.68   29.60   44.90   39.85   1666062022   1666061962       20221018025922
5AE4E    1.27    1.13    1.99    2.62    2.29   1657281482   1657281468       20220708115748
5AF0F    1.85    4.57    1.91    5.28    4.95   1657437013   1657436992       20220710070952
5AE50    4.55    4.10    3.70    7.15    5.52   1663483492   1663483456       20220918064415
5AE0A    2.46    7.94    9.61   12.71   12.47   1663422168   1663422080       20220917134119
5AE11    2.21    0.90    0.77    2.51    1.18   1663471491   1663471478       20220918032437
5AE11    2.21    0.90    0.77    2.51    1.18   1663471491   1663471478       20220918032438
5AFEF    1.49    0.65    0.74    1.78    0.99   1668908992   1668908982       20221120014941
5AE4E    1.83    2.73    2.06    3.88    3.42   1666971066   1666971044       20221028153043
5AF0F    1.69    0.70    0.57    1.92    0.90   1665119566   1665119604       20221007051324
5AE4E    2.81    2.26    3.25    4.85    3.95   1663483492   1663483456       20220918064415
5AE99    1.82    0.70    0.79    2.11    1.06   1667291429   1667291412       20221101083011
5AF0F    1.87    0.67    0.65    2.09    0.93   1667617452   1667617464       20221105030423
5AEBA    1.22    1.70    0.70    2.21    1.84   1668908992   1668908982       20221120014941
5ADEE    2.01    1.44    0.90    2.63    1.70   1669484300   1669484284       20221126173804
5AF0F    1.53    0.59    0.68    1.77    0.90   1658616063   1658616050       20220723224050
5AF48    1.82    0.67    0.62    2.04    0.91   1668908992   1668908982       20221120014941
5AE6F    3.14    9.16   15.34   18.14   17.86   1663422145   1663422080       20220917134119
5AFDE    1.82    0.65    0.64    2.03    0.91   1663570997   1663571016       20220919070336
5AF30    4.28    1.28    0.91    4.56    1.57   1657437012   1657436992       20220710070952
5AE28    1.54    0.63    0.57    1.76    0.85   1670378333   1670378308       20221207015827
5AE1A    1.77    0.62    0.72    2.01    0.95   1657437002   1657436992       20220710070952
5AE82    1.59    2.31    1.94    3.41    3.02   1657281481   1657281468       20220708115748
5AE28    1.67    0.73    0.62    1.92    0.95   1663471491   1663471478       20220918032437
5AE28    1.67    0.73    0.62    1.92    0.95   1663471491   1663471478       20220918032438
5B00B    1.37    1.24    1.11    2.16    1.67   1663483491   1663483456       20220918064415
5AE73    1.65    0.74    0.78    1.96    1.07   1657437002   1657436992       20220710070952
5AE29    2.85   13.11   12.59   18.40   18.18   1663422161   1663422080       20220917134119
5AE11    2.49    1.81    0.97    3.22    2.05   1663483493   1663483456       20220918064415
5AFA8    1.70    2.16    2.24    3.55    3.12   1654567112   1654567074       20220607015754
5AF20    4.89    0.94    0.97    5.08    1.35   1667376980   1667376978       20221102081618
5AEE6    2.26    0.67    0.65    2.45    0.93   1666971053   1666971044       20221028153043
5AFE5    1.57    0.67    0.64    1.82    0.93   1658616063   1658616050       20220723224050
5AFEF    1.67    1.26    1.04    2.34    1.64   1657437012   1657436992       20220710070952
5AF0F    7.31    0.74    1.02    7.42    1.25   1658198386   1658198400       20220719023959
5ADF9    1.63    3.31    1.43    3.95    3.60   1657437012   1657436992       20220710070952
5AF66    2.29    0.63    0.67    2.47    0.92   1666971056   1666971044       20221028153043
5AE83    1.99    8.81    8.31   12.27   12.11   1663422146   1663422080       20220917134119
5B00B    1.15    0.65    0.72    1.50    0.97   1657281474   1657281468       20220708115748
5ADF9    2.67    3.58    2.45    5.09    4.34   1663483493   1663483456       20220918064415
5AE1C    2.06    0.75    0.67    2.29    1.01   1667291429   1667291412       20221101083011
5AE0A    3.21    0.68    0.92    3.41    1.14   1663471491   1663471478       20220918032437
5AE0A    3.21    0.68    0.92    3.41    1.14   1663471491   1663471478       20220918032438
5AF8A    1.47    1.91    1.95    3.10    2.73   1654567112   1654567074       20220607015754
5AEE6    1.47    2.22    2.64    3.75    3.45   1654567112   1654567074       20220607015754
5AE99    3.24    0.78    0.77    3.42    1.09   1655377266   1655377256       20220616110055
5AEAB    1.84   11.73    6.17   13.38   13.25   1663478422   1663478360       20220918051919
5AE99    1.28    0.92    0.75    1.75    1.19   1657437003   1657436992       20220710070952
5AF1E    2.50    1.53    2.06    3.58    2.57   1668470840   1668470820       20221115000700
5AEE6    2.13    0.58    0.70    2.32    0.91   1658616062   1658616050       20220723224050
5AE1A    1.29    1.64    1.44    2.53    2.18   1660908369   1660908356       20220819112556
5AF1E    1.53    0.67    0.67    1.80    0.95   1657281474   1657281468       20220708115748
5AE3E    1.83    6.06    4.26    7.62    7.40   1660968504   1660968470       20220820040750
5AEB7   11.52   16.93    7.89   21.94   18.68   1663436429   1663436402       20220917174001
5AE28    2.14    0.47    0.49    2.24    0.68   1657755724   1657755674       20220713234113
5AE3E    3.34    9.72    7.18   12.54   12.09   1663478423   1663478360       20220918051919
5AE6F    1.35    0.65    0.68    1.64    0.94   1658706285   1658706272       20220724234432
5AE3E    1.70    3.04    1.76    3.90    3.51   1666727783   1666727764       20221025195604
5AFEF    2.42    1.14    0.68    2.76    1.32   1663471491   1663471478       20220918032437
5AFEF    2.42    1.14    0.68    2.76    1.32   1663471491   1663471478       20220918032438
5AE21    5.83    4.40    8.52   11.22    9.59   1668909005   1668908982       20221120014941
5AF48    1.98    0.73    0.61    2.20    0.95   1667291429   1667291412       20221101083011
5AE3E    2.98    1.15    0.96    3.34    1.50   1663471491   1663471478       20220918032437
5AE3E    2.98    1.15    0.96    3.34    1.50   1663471491   1663471478       20220918032438
5AF8A    2.80    2.50    2.49    4.50    3.52   1665429902   1665429882       20221010192442
5AFA8    1.47    0.58    0.72    1.74    0.93   1657281474   1657281468       20220708115748
5AE29    2.40    1.18    1.56    3.10    1.96   1668470840   1668470820       20221115000700
5AE29    1.37    0.74    0.70    1.71    1.02   1667291429   1667291412       20221101083011
5AE82    2.05    0.92    2.42    3.30    2.59   1665429902   1665429882       20221010192442
5AE06    1.42    1.53    1.01    2.32    1.83   1666971057   1666971044       20221028153043
5AE83    1.73    8.82    5.90   10.75   10.61   1663478422   1663478360       20220918051919
5AE9A    1.68    2.88    2.58    4.22    3.87   1663553315   1663553266       20220919020745
8DD9B    3.43    0.52    0.74    3.55    0.90   1663327861   1663327852       20220916113052
5AF0F    1.97    7.41    7.11   10.46   10.27   1663422146   1663422080       20220917134119
5AE29    1.25    0.66    0.71    1.59    0.97   1666971054   1666971044       20221028153043
5AEE6    3.98    0.98    0.79    4.18    1.26   1668908992   1668908982       20221120014941
5AF1E    2.76    0.64    0.67    2.91    0.92   1665429902   1665429882       20221010192442
5AEC4    2.04   10.01    8.40   13.23   13.07   1663478424   1663478360       20220918051919
5AE3E    5.68    1.57    1.27    6.03    2.02   1655377264   1655377256       20220616110055
5AFE5    3.35    0.90    1.11    3.65    1.43   1663471491   1663471478       20220918032437
5AFE5    3.35    0.90    1.11    3.65    1.43   1663471491   1663471478       20220918032438
5AE90    1.93    1.18    0.72    2.37    1.38   1669484300   1669484284       20221126173804
5AE11    3.25    4.74    3.36    6.65    5.81   1666971063   1666971044       20221028153043
5AF0F    3.95    0.88    0.82    4.13    1.20   1663471491   1663471478       20220918032437
5AF0F    3.95    0.88    0.82    4.13    1.20   1663471491   1663471478       20220918032438
5AE49    1.26    0.63    0.64    1.55    0.89   1666971057   1666971044       20221028153043
5AF1E    1.46    0.63    0.64    1.71    0.89   1663327861   1663327852       20220916113052
5AE4E    2.02    5.07    6.90    8.80    8.57   1663422144   1663422080       20220917134119
5B00B    2.01    0.76    0.86    2.31    1.14   1662526249   1662526244       20220907045043
5AEBA    1.10    1.33    0.72    1.87    1.51   1667291429   1667291412       20221101083011
5AF30   12.42    2.15    1.52   12.70    2.63   1663553167   1663553266       20220919020745
5AF0F    2.81    0.60    0.68    2.95    0.91   1668908972   1668908982       20221120014941
5AFE5    1.44    0.61    0.66    1.70    0.90   1666971054   1666971044       20221028153043
5AEE6    6.15    1.31    2.81    6.89    3.10   1662526249   1662526244       20220907045043
5AE90    1.93    1.18    0.72    2.37    1.38   1669484300   1669484284       20221126173804
5AF1E    2.30    1.71    1.62    3.29    2.36   1670432110   1670432068       20221207165428
5AE0A    1.47    0.57    0.67    1.71    0.88   1666971054   1666971044       20221028153043
5AFE5    1.38    0.62    0.65    1.65    0.90   1657764543   1657764618       20220714021018
5AF30    3.59    0.69    0.75    3.73    1.01   1665429902   1665429882       20221010192442
5AE90    1.33    1.23    0.99    2.07    1.58   1670432084   1670432068       20221207165428
5AE98    1.07    0.70    1.03    1.64    1.25   1663478395   1663478360       20220918051919
5AF48    2.23    0.79    0.69    2.47    1.05   1655377266   1655377256       20220616110055
5AE99    1.55    1.69    2.01    3.04    2.62   1657281480   1657281468       20220708115748
5B018    1.86    0.84    0.86    2.21    1.20   1666971057   1666971044       20221028153043
5AEE6    1.39    0.63    0.79    1.71    1.00   1670301286   1670301306       20221206043506
5AE90    1.33    1.23    0.99    2.07    1.58   1670432084   1670432068       20221207165428
5AF30    5.21    0.77    0.85    5.33    1.15   1668908992   1668908982       20221120014941
5AF1E    1.69    0.58    0.68    1.91    0.89   1660908295   1660908356       20220819112556
5AE83    2.74    2.27    2.16    4.16    3.14   1663483493   1663483456       20220918064415
5AE83    2.35    0.76    0.69    2.57    1.03   1663471491   1663471478       20220918032437
5AE83    2.35    0.76    0.69    2.57    1.03   1663471491   1663471478       20220918032438
5AFE5    1.95    2.00    1.10    3.00    2.28   1657437012   1657436992       20220710070952
5AE1C    1.81    0.71    0.65    2.05    0.96   1666971054   1666971044       20221028153043
5AFE5    1.89    0.74    1.03    2.28    1.27   1668908992   1668908982       20221120014941
5AF48    2.86    0.77    0.76    3.05    1.08   1668474728   1668474690       20221115011130
5AF0F    2.65    0.62    0.61    2.78    0.87   1667206053   1667206108       20221031084827
5AE28    2.33    6.90    6.46    9.73    9.45   1663422146   1663422080       20220917134119
5AE0A    2.45    0.69    0.81    2.67    1.06   1668908992   1668908982       20221120014941
5AE06    1.93    1.72    1.25    2.88    2.13   1668908994   1668908982       20221120014941
5B00B    1.31    0.67    0.57    1.58    0.88   1657437002   1657436992       20220710070952
5AE29    3.75    1.15    1.91    4.37    2.23   1663471491   1663471478       20220918032437
5AE29    3.75    1.15    1.91    4.37    2.23   1663471491   1663471478       20220918032438
5AEBA    2.67    1.84    1.44    3.55    2.34   1668470840   1668470820       20221115000700
5AE6F    1.85    1.49    2.37    3.36    2.80   1663483491   1663483456       20220918064415
5AFDE    4.61    2.90    2.10    5.83    3.58   1663422099   1663422080       20220917134119
5AE21  111.59   74.93   64.71  149.19   99.01   1666676769   1666676838       20221025054717
5AE6F    1.30    0.75    0.90    1.75    1.17   1662526250   1662526244       20220907045043
5AF30    7.17    3.79    4.14    9.11    5.62   1658283598   1658283628       20220720022027
5AF8A    5.17    0.83    0.85    5.31    1.18   1655377264   1655377256       20220616110055
5AE28    1.36    0.65    0.71    1.67    0.96   1662015956   1662015986       20220901070625
5AE3E    2.04    7.46    5.06    9.24    9.02   1663553315   1663553266       20220919020745
5AFA8    1.90    0.62    0.78    2.15    1.00   1658616062   1658616050       20220723224050
5AF48    4.51    0.78    0.64    4.62    1.01   1663471491   1663471478       20220918032437
5AF48    4.51    0.78    0.64    4.62    1.01   1663471491   1663471478       20220918032438
5AF1E    1.16    0.52    0.69    1.45    0.87   1657437002   1657436992       20220710070952
5AE11    1.65    1.11    1.07    2.26    1.54   1665429902   1665429882       20221010192442
5AE6F    2.00    0.83    1.01    2.39    1.31   1663327861   1663327852       20220916113052
5B00B    1.44    1.28    0.88    2.12    1.56   1657788185   1657788174       20220714084254
5AF48    1.81    1.51    0.83    2.50    1.72   1665429902   1665429882       20221010192442
5AE1A    2.36    0.68    0.64    2.54    0.93   1667291429   1667291412       20221101083011
5AE29    1.72    1.02    0.93    2.21    1.38   1669484318   1669484284       20221126173804
5AF0F    1.92    1.59    1.64    2.98    2.28   1665429902   1665429882       20221010192442
5AFDE    2.49    3.93    2.84    5.45    4.85   1663478408   1663478360       20220918051919
5AF1E    1.43    1.20    1.46    2.37    1.88   1666727784   1666727764       20221025195604
5AE73    1.53    0.76    0.88    1.92    1.16   1658616063   1658616050       20220723224050
5AEAB    1.74    6.57    8.82   11.13   11.00   1663422145   1663422080       20220917134119
5AF20    1.49    0.78    0.77    1.85    1.10   1669484296   1669484284       20221126173804
5AEC4    3.44    0.59    0.96    3.62    1.13   1663471491   1663471478       20220918032437
5AEC4    3.44    0.59    0.96    3.62    1.13   1663471491   1663471478       20220918032438
5AF1E    1.83    0.75    0.70    2.10    1.03   1666971054   1666971044       20221028153043
5AE6F    2.16    6.47    9.44   11.65   11.45   1663478419   1663478360       20220918051919
5AFB5    1.98    0.64    0.61    2.17    0.88   1667268280   1667268162       20221101020241
5AFA8    1.82    0.59    1.00    2.15    1.16   1657437002   1657436992       20220710070952
8DD9B    2.27    0.69    0.63    2.45    0.93   1657437002   1657436992       20220710070952
5AE1C    2.04    1.85    2.08    3.45    2.78   1665429902   1665429882       20221010192442
5AF20    1.70    0.73    0.91    2.06    1.17   1667617466   1667617464       20221105030423
5ADEE    2.01    1.44    0.90    2.63    1.70   1669484300   1669484284       20221126173804
5AE3E    3.50    9.94    8.79   13.72   13.27   1663422146   1663422080       20220917134119
5AE29    2.54    0.87    0.76    2.79    1.15   1662526249   1662526244       20220907045043
5AEC4    3.21    2.41    2.94    4.97    3.80   1663483493   1663483456       20220918064415
5AFB5  358.56  209.74  134.61  436.66  249.21   1665475907   1665475910       20221011081150
5AE73    1.88    0.70    0.88    2.19    1.12   1666971055   1666971044       20221028153043
5AF1E    2.00    0.55    0.67    2.18    0.87   1667291429   1667291412       20221101083011
5AE98    1.49    1.72    2.59    3.45    3.11   1663483493   1663483456       20220918064415
5AE50    2.80    0.69    0.83    3.00    1.08   1663327861   1663327852       20220916113052
5AE3E    2.82    1.63    1.07    3.43    1.95   1666971054   1666971044       20221028153043
5AE82    1.65    0.82    0.67    1.96    1.06   1658706285   1658706272       20220724234432
5AE82    1.67    0.62    0.76    1.94    0.98   1667949986   1667949984       20221108232623
5AE82    1.32    1.14    1.41    2.25    1.82   1660908369   1660908356       20220819112556
8DD9B    1.82    2.07    2.18    3.52    3.01   1657281481   1657281468       20220708115748
5B00B    1.97    1.89    1.44    3.08    2.38   1668470840   1668470820       20221115000700
5AE11    1.29    0.73    0.78    1.67    1.07   1668908992   1668908982       20221120014941
5AF30    9.80    1.01    0.93    9.90    1.37   1663471491   1663471478       20220918032437
5AF30    9.80    1.01    0.93    9.90    1.37   1663471491   1663471478       20220918032438
5AE29    1.50    0.98    0.63    1.90    1.17   1658616075   1658616050       20220723224050
5B00B    1.53    0.58    0.63    1.75    0.85   1667291429   1667291412       20221101083011
8DD9B    3.76    4.56    3.00    6.63    5.46   1663483491   1663483456       20220918064415
5ADF9    2.03    4.29    4.89    6.81    6.50   1663422146   1663422080       20220917134119
5AF0F    1.96    0.62    0.77    2.20    0.99   1657763403   1657763476       20220714015116
5AE3E    1.32    0.76    0.76    1.70    1.07   1663500050   1663500002       20220918112002
5AE90    1.33    1.23    0.99    2.07    1.58   1670432084   1670432068       20221207165428
5AEE6    1.64    0.68    0.70    1.91    0.97   1668470831   1668470820       20221115000700
5AF0F    3.96    8.48    4.81   10.52    9.75   1666971063   1666971044       20221028153043
5AEE6    1.62    1.05    0.97    2.16    1.43   1657281474   1657281468       20220708115748
5AE1C    2.37    0.74    0.64    2.56    0.98   1655377264   1655377256       20220616110055
5AFB5    1.29    0.83    0.67    1.68    1.07   1668908994   1668908982       20221120014941
5AE0A    1.99    1.42    1.94    3.12    2.40   1668470840   1668470820       20221115000700
5AFE5    2.26    1.41    1.74    3.18    2.24   1665429902   1665429882       20221010192442
5AF30    4.32    3.25    3.46    6.42    4.75   1663483494   1663483456       20220918064415
5AE28    3.14    0.61    0.67    3.27    0.90   1656054613   1656054566       20220624070926
8DD9B    1.74    0.76    0.88    2.09    1.16   1668908992   1668908982       20221120014941
5AF48    1.76    0.64    0.61    1.96    0.88   1658616062   1658616050       20220723224050
5ADEE    2.01    1.44    0.90    2.63    1.70   1669484300   1669484284       20221126173804
5AE50    7.34    1.54    1.01    7.56    1.84   1656423771   1656423810       20220628134330
5AFA8    2.00    0.70    0.78    2.26    1.04   1666971053   1666971044       20221028153043
5AE83    1.83    3.93    1.67    4.65    4.27   1657437012   1657436992       20220710070952
5AE28    1.63    1.34    1.84    2.80    2.28   1662526249   1662526244       20220907045043
5AE28    1.58    1.01    0.84    2.05    1.31   1668908992   1668908982       20221120014941
5AE1C    3.21    1.10    0.93    3.52    1.44   1662526249   1662526244       20220907045043
5AE73    2.50    2.20    2.24    4.01    3.14   1665429902   1665429882       20221010192442
5AE98    0.96    0.68    1.36    1.80    1.53   1668908993   1668908982       20221120014941
5AF8A    1.63    0.95    1.04    2.15    1.41   1657437002   1657436992       20220710070952
5AE0A    2.29    1.01    0.71    2.60    1.24   1662526249   1662526244       20220907045043
5AE3E    4.21   14.81    9.54   18.11   17.61   1670432112   1670432068       20221207165428
5AE3E    3.10    1.97    1.34    3.91    2.38   1668908992   1668908982       20221120014941
5ADF9    1.54    0.87    0.68    1.89    1.10   1668908992   1668908982       20221120014941
5AF8A    1.48    0.67    0.68    1.76    0.95   1668470830   1668470820       20221115000700
5AE6F    1.36    0.67    0.82    1.72    1.05   1668908992   1668908982       20221120014941
5AFE5    1.97    0.86    0.68    2.26    1.10   1662526249   1662526244       20220907045043
5AFA8    5.94    1.14    1.44    6.22    1.84   1662526249   1662526244       20220907045043
5AE3E    2.89    7.84    6.59   10.64   10.24   1668810353   1668810326       20221118222525
5AE50    2.65   20.28   22.40   30.33   30.21   1663422145   1663422080       20220917134119
5AE29    1.11    0.75    0.73    1.53    1.04   1666727783   1666727764       20221025195604
8DD9B    2.47    3.45    4.75    6.37    5.87   1665429902   1665429882       20221010192442
5AE28    1.54    0.63    0.57    1.76    0.85   1670378333   1670378308       20221207015827
5AFEF    1.96    0.82    1.02    2.36    1.31   1665429902   1665429882       20221010192442
5AF1E    1.26    0.87    1.23    1.96    1.51   1657788185   1657788174       20220714084254
5AE6F    2.38    2.63    3.29    4.84    4.21   1665429902   1665429882       20221010192442
5AE4E    1.70    1.27    1.27    2.48    1.80   1665429902   1665429882       20221010192442
5AE3E    2.63    3.50    1.75    4.71    3.91   1667291429   1667291412       20221101083011
5AEE6    1.67    0.60    0.74    1.92    0.95   1657437002   1657436992       20220710070952
5AE98    1.02    0.62    1.37    1.82    1.51   1666971056   1666971044       20221028153043
5AEB7    5.59    2.25    1.25    6.16    2.57   1665616492   1665616424       20221012231343
5AFA8    2.43    0.64    0.66    2.60    0.92   1655377264   1655377256       20220616110055
5AEE6    3.59    1.12    1.31    3.98    1.72   1667291429   1667291412       20221101083011
5AE28    1.78    1.34    1.72    2.81    2.18   1665429902   1665429882       20221010192442
5AFEF    2.75    2.74    1.81    4.28    3.28   1666971063   1666971044       20221028153043
5AE3E    1.95    0.76    0.83    2.25    1.13   1663583626   1663583656       20220919103415
5AF8A    3.06    1.14    1.04    3.43    1.54   1667291429   1667291412       20221101083011
5AF30    4.20    0.59    0.86    4.33    1.05   1667291429   1667291412       20221101083011
5AFA8    3.77    0.84    0.99    3.99    1.30   1668908992   1668908982       20221120014941
5AE06    1.46    0.76    0.68    1.79    1.02   1668470834   1668470820       20221115000700
5AE6F    2.31    3.45    4.23    5.93    5.46   1666971066   1666971044       20221028153043
5B00B    2.39    1.53    1.81    3.37    2.38   1665429902   1665429882       20221010192442
5ADEE    1.70    2.04    1.15    2.89    2.34   1670432084   1670432068       20221207165428
5AF66    1.37    0.65    0.73    1.68    0.97   1668470834   1668470820       20221115000700
5AE90    1.93    1.18    0.72    2.37    1.38   1669484300   1669484284       20221126173804
5AE3E    3.81    8.27    5.55   10.66    9.96   1662526249   1662526244       20220907045043
5AE0A    1.82    4.35    8.42    9.66    9.48   1663478423   1663478360       20220918051919
5AE73    2.52    0.76    0.69    2.72    1.02   1667291429   1667291412       20221101083011
5AE0A    1.37    0.62    0.69    1.66    0.93   1665429902   1665429882       20221010192442
5AE1C    3.95    0.94    0.67    4.11    1.15   1663471491   1663471478       20220918032437
5AE1C    3.95    0.94    0.67    4.11    1.15   1663471491   1663471478       20220918032438
5AE21    3.02    1.60    1.47    3.72    2.17   1662526249   1662526244       20220907045043
5AFDE    5.97   12.45    6.82   15.40   14.19   1663483491   1663483456       20220918064415
5AFB5    3.00    0.70    0.69    3.15    0.98   1667268053   1667268162       20221101020241
5AEE6    2.64    0.77    0.79    2.86    1.10   1655377265   1655377256       20220616110055
5AEAB    3.06    3.19    2.50    5.08    4.05   1663483492   1663483456       20220918064415
5AF30    1.20    6.50   10.67   12.55   12.50   1655687040   1655687108       20220620010507
5AF30    1.20    6.50   10.67   12.55   12.50   1655687040   1655687146       20220620010546
5AF1E    2.67    0.56    0.62    2.79    0.84   1668908992   1668908982       20221120014941
5AF0F    2.57    0.69    0.62    2.73    0.93   1665995142   1665995092       20221017082452
5AEE6    2.95    2.84    2.91    5.02    4.07   1665429902   1665429882       20221010192442
5ADF9    5.63    0.86    1.62    5.93    1.83   1660819459   1660819464       20220818104423
5AF8A    3.51    1.00    0.92    3.76    1.36   1668908992   1668908982       20221120014941
5AE0A    1.90    0.62    0.70    2.12    0.93   1667291429   1667291412       20221101083011
5AE28    2.57    8.17    5.63   10.25    9.92   1666971062   1666971044       20221028153043
5AEE6    2.20    0.70    0.70    2.41    0.98   1658768842   1658768828       20220725170707
5AF1E    3.93    1.91    1.87    4.75    2.67   1663483493   1663483456       20220918064415
5AE28    1.54    0.63    0.57    1.76    0.85   1670378333   1670378308       20221207015827
5AE21    2.81    0.91    1.00    3.12    1.35   1667268214   1667268162       20221101020241
5B018    2.28    0.77    0.82    2.54    1.12   1668908994   1668908982       20221120014941
5AF8A    1.69    0.84    0.76    2.04    1.13   1658616063   1658616050       20220723224050
5AF48    2.64    1.87    1.15    3.44    2.20   1663483493   1663483456       20220918064415
5AE73    2.42    0.67    1.09    2.74    1.28   1668908992   1668908982       20221120014941
5AF30    3.88    0.65    0.74    4.01    0.98   1655377266   1655377256       20220616110055
5AFA8    1.72    0.59    0.67    1.94    0.89   1668470830   1668470820       20221115000700
5AE82    1.99    0.64    0.87    2.26    1.08   1657437002   1657436992       20220710070952
5AF0F    2.06    1.37    1.21    2.75    1.83   1655377266   1655377256       20220616110055
5AF1E    4.04    0.62    1.27    4.28    1.41   1663471491   1663471478       20220918032437
5AF1E    4.04    0.62    1.27    4.28    1.41   1663471491   1663471478       20220918032438
5AE21    4.28    6.97    2.26    8.48    7.32   1658198325   1658198400       20220719023959
5AE21    3.79    6.10    4.52    8.48    7.59   1665429909   1665429882       20221010192442
5AE50    1.91    0.74    0.64    2.14    0.98   1668908992   1668908982       20221120014941
5AE28    2.05    7.14    4.32    8.60    8.35   1663478422   1663478360       20220918051919
5AE29    2.73    1.47    1.64    3.51    2.21   1663483493   1663483456       20220918064415
5AE4E    1.38    0.81    0.85    1.81    1.18   1668908992   1668908982       20221120014941
5AE29    2.91    1.79    1.92    3.92    2.63   1665429902   1665429882       20221010192442
5AF48    2.35    0.67    0.62    2.52    0.91   1657763372   1657763476       20220714015116
5AEBA    0.93    1.40    0.78    1.85    1.60   1666971054   1666971044       20221028153043
5AE3E    3.50    5.61    5.79    8.79    8.06   1669484319   1669484284       20221126173804
5AE1C    1.27    0.80    0.72    1.67    1.08   1657437002   1657436992       20220710070952
5AFEF    2.32    1.42    1.01    2.90    1.75   1663483493   1663483456       20220918064415
5AE50    1.70    0.63    0.67    1.94    0.92   1667949988   1667949984       20221108232623
5AF1E    1.42    0.58    0.65    1.66    0.87   1658616063   1658616050       20220723224050
5AE3E    1.88    1.03    1.41    2.57    1.74   1663483473   1663483456       20220918064415
5ADEE    1.70    2.04    1.15    2.89    2.34   1670432084   1670432068       20221207165428
5AE3E    2.12    0.89    1.08    2.54    1.40   1667906543   1667906546       20221108112226
5AE28    2.30    0.62    0.66    2.48    0.91   1657762638   1657762726       20220714013846
5AE99    3.58    2.86    4.76    6.61    5.55   1666971063   1666971044       20221028153043
5ADEE    1.70    2.04    1.15    2.89    2.34   1670432084   1670432068       20221207165428
5AE82    1.50    0.60    0.75    1.78    0.96   1666971056   1666971044       20221028153043
5AF66    1.91    1.25    1.12    2.54    1.68   1668908994   1668908982       20221120014941
5B00B    2.31   11.25   11.20   16.04   15.87   1663422161   1663422080       20220917134119
5B00B    1.64    1.93    1.45    2.92    2.42   1658616075   1658616050       20220723224050
5AF30    3.90    0.67    0.79    4.03    1.03   1666971055   1666971044       20221028153043
5AFA8    3.35    0.70    0.71    3.50    0.99   1667291429   1667291412       20221101083011
5AFE5    3.21    2.95    2.09    4.84    3.62   1663483493   1663483456       20220918064415
5AE99    1.23    0.82    1.19    1.90    1.45   1666727783   1666727764       20221025195604
5AF0F    2.64    1.41    1.71    3.45    2.22   1662526249   1662526244       20220907045043
5AF1E    1.82    5.63    9.72   11.38   11.24   1663478424   1663478360       20220918051919
5AEB6  108.55   62.21   91.80  155.18  110.89   1655687065   1655687108       20220620010507
5AEB6  108.55   62.21   91.80  155.18  110.89   1655687065   1655687146       20220620010546
5AEB6  108.55   62.21   91.80  155.18  110.89   1655687065   1655687178       20220620010618
5AFB5    1.51    0.58    0.62    1.74    0.85   1666061894   1666061962       20221018025922
5AE3E    2.52    5.83    4.30    7.67    7.25   1657763488   1657763476       20220714015116
5AE4E    2.30    5.84    5.30    8.21    7.89   1663478422   1663478360       20220918051919
5AFA8   21.92    3.88    1.93   22.34    4.33   1665475874   1665475910       20221011081150
5AE1A    1.77    0.57    0.73    2.00    0.93   1666971054   1666971044       20221028153043
5AE6F    2.90   13.46   11.29   17.80   17.57   1663553314   1663553266       20220919020745
5AE3E    1.77    1.28    0.84    2.34    1.53   1657437003   1657436992       20220710070952
5AE9A    2.36    3.88    3.11    5.50    4.97   1668909002   1668908982       20221120014941
5AE1C    2.23   13.90   10.29   17.43   17.29   1663422146   1663422080       20220917134119
5AF1E    2.30    1.71    1.62    3.29    2.36   1670432110   1670432068       20221207165428
5AE29    1.72    1.02    0.93    2.21    1.38   1669484318   1669484284       20221126173804
5AF1E    2.30    1.71    1.62    3.29    2.36   1670432110   1670432068       20221207165428
5AE98    3.63    4.66    1.85    6.19    5.02   1663422139   1663422080       20220917134119
5AEAB    1.31    0.68    0.71    1.64    0.99   1663327861   1663327852       20220916113052
5AE3E    1.88    1.19    1.13    2.49    1.64   1657281474   1657281468       20220708115748
5AF8A    1.79    0.61    0.65    2.00    0.89   1666971055   1666971044       20221028153043
5B00B    1.17    0.61    0.62    1.46    0.87   1666971054   1666971044       20221028153043
5AFB5    1.88    0.64    0.67    2.09    0.93   1666662604   1666662670       20221025015109
5AE0A    2.68    2.25    1.99    4.02    3.00   1663483493   1663483456       20220918064415
5AFB5    1.53    0.59    0.60    1.74    0.84   1668474721   1668474690       20221115011130
5AE83    1.85    0.82    1.07    2.29    1.35   1662526249   1662526244       20220907045043
5AFA8    1.94    0.61    0.62    2.13    0.87   1658768842   1658768828       20220725170707
5AEE6    1.39    0.63    0.79    1.71    1.00   1670301286   1670301306       20221206043506
5AE50    2.38    1.47    1.48    3.16    2.09   1657281482   1657281468       20220708115748
5AEE6    1.39    0.63    0.79    1.71    1.00   1670301286   1670301306       20221206043506
5AE1C    1.80   16.16    9.57   18.87   18.78   1663478423   1663478360       20220918051919
5AE21    4.79    3.55    5.87    8.37    6.86   1666971063   1666971044       20221028153043
5ADF9    1.75    1.31    1.31    2.54    1.85   1665429902   1665429882       20221010192442
5AFA8    1.72    2.67    1.67    3.59    3.15   1657788185   1657788174       20220714084254
5AE99    2.37    0.63    1.10    2.68    1.26   1668908992   1668908982       20221120014941
5AFE5    1.83    0.61    0.68    2.05    0.92   1667291429   1667291412       20221101083011
5AE1A    1.76    2.71    2.26    3.94    3.53   1657281481   1657281468       20220708115748
5AE1C    3.77    3.81    6.14    8.15    7.23   1663483493   1663483456       20220918064415
5AE99    5.37    1.46    3.58    6.61    3.87   1655698491   1655698512       20220620041512
5AE99    5.37    1.46    3.58    6.61    3.87   1655698491   1655698540       20220620041540
8DD9B    3.05   20.85   25.99   33.46   33.32   1663422145   1663422080       20220917134119
5AE83    2.15    0.76    0.77    2.41    1.09   1668908992   1668908982       20221120014941
8DD9B    1.79    0.64    0.61    2.00    0.88   1666971056   1666971044       20221028153043
8DD9B    2.28   18.33   16.62   24.85   24.74   1663478419   1663478360       20220918051919
5AE73    3.97    1.30    2.00    4.63    2.38   1662526249   1662526244       20220907045043
5AF8A    2.31    0.80    0.75    2.55    1.09   1666183968   1666184018       20221019125338
5AFB5    1.42    0.56    0.61    1.64    0.82   1666971057   1666971044       20221028153043
5AE99    3.65    1.19    1.61    4.16    2.01   1662526249   1662526244       20220907045043
5AE1C    1.73    0.67    0.76    2.00    1.01   1658616063   1658616050       20220723224050
5AE28    2.89    2.40    1.94    4.23    3.09   1663483493   1663483456       20220918064415
5ADF9    2.46    6.16    4.23    7.87    7.47   1666971063   1666971044       20221028153043
5AEC4    2.73    0.70    1.20    3.06    1.39   1662526249   1662526244       20220907045043
5AE1C    2.92    0.85    0.73    3.13    1.12   1668908992   1668908982       20221120014941
5B018    1.52    0.59    0.62    1.75    0.86   1665998048   1665997950       20221017091229
5AE29    2.42    9.33    8.84   13.08   12.85   1663478420   1663478360       20220918051919
5B00B    3.62    1.30    0.91    3.95    1.58   1663471491   1663471478       20220918032437
5B00B    3.62    1.30    0.91    3.95    1.58   1663471491   1663471478       20220918032438
5ADF9    1.71    5.42    2.97    6.41    6.18   1663478422   1663478360       20220918051919
5AE0A    1.94    1.63    1.96    3.20    2.54   1657437012   1657436992       20220710070952
5AF0F    1.79    0.74    0.67    2.05    1.00   1667291429   1667291412       20221101083011
5AE98    4.54    8.21    1.74    9.55    8.40   1663426001   1663425928       20220917144528
5AEC4    2.73    7.76   11.48   14.12   13.86   1663422168   1663422080       20220917134119
5B00B    1.39    8.33    7.81   11.50   11.41   1663478420   1663478360       20220918051919
5AEB7    6.18    3.04    2.61    7.36    4.01   1665117397   1665117500       20221007043820
5AEC4    1.90    0.70    0.69    2.14    0.99   1665429902   1665429882       20221010192442
