2012   1   1  222.9796
2012   1   2  222.9625
2012   1   3  222.9662
2012   1   4  222.9608
2012   1   5  222.9487
2012   1   6  222.9408
2012   1   7  222.9479
2012   1   8  222.9429
2012   1   9  222.9321
2012   1  10  222.9479
2012   1  11  222.9521
2012   1  12  222.9200
2012   1  13  222.9321
2012   1  14  222.9429
2012   1  15  222.9525
2012   1  16  222.9729
2012   1  17  222.9546
2012   1  18  222.9383
2012   1  19  222.9358
2012   1  20  222.9279
2012   1  21  222.9346
2012   1  22  222.9188
2012   1  23  222.9150
2012   1  24  222.9154
2012   1  25  222.9137
2012   1  26  222.9125
2012   1  27  222.9162
2012   1  28  222.9221
2012   1  29  222.9262
2012   1  30  222.9162
2012   1  31  222.9062
2012   2   1  222.8992
2012   2   2  222.9021
2012   2   3  222.8942
2012   2   4  222.8975
2012   2   5  222.8987
2012   2   6  222.9112
2012   2   7  222.9083
2012   2   8  222.8925
2012   2   9  222.8962
2012   2  10  222.9075
2012   2  11  222.9175
2012   2  12  222.9112
2012   2  13  222.9012
2012   2  14  222.9150
2012   2  15  222.9112
2012   2  16  222.9058
2012   2  17  222.8958
2012   2  18  222.8858
2012   2  19  222.8808
2012   2  20  222.8817
2012   2  21  222.9050
2012   2  22  222.9288
2012   2  23  222.9208
2012   2  24  222.9075
2012   2  25  222.9125
2012   2  26  222.8771
2012   2  27  222.8712
2012   2  28  222.8800
2012   2  29  222.8892
2012   3   1  222.8863
2012   3   2  222.8854
2012   3   3  222.8892
2012   3   4  222.8867
2012   3   5  222.8808
2012   3   6  222.8858
2012   3   7  222.8812
2012   3   8  222.8846
2012   3   9  222.8771
2012   3  10  222.8654
2012   3  11  222.8596
2012   3  12  222.8571
2012   3  13  222.8483
2012   3  14  222.8646
2012   3  15  222.8733
2012   3  16  222.8738
2012   3  17  222.8783
2012   3  18  222.8837
2012   3  19  222.8779
2012   3  20  222.8838
2012   3  21  222.9071
2012   3  22  222.8713
2012   3  23  222.8779
2012   3  24  222.8583
2012   3  25  222.8529
2012   3  26  222.8550
2012   3  27  222.8604
2012   3  28  222.8608
2012   3  29  222.8600
2012   3  30  222.8700
2012   3  31  222.8613
2012   4   1  222.8475
2012   4   2  222.8583
2012   4   3  222.8621
2012   4   4  222.8583
2012   4   5  222.8504
2012   4   6  222.8421
2012   4   7  222.8379
2012   4   8  222.8429
2012   4   9  222.8562
2012   4  10  222.8646
2012   4  11  222.8696
2012   4  12  222.8775
2012   4  13  222.8767
2012   4  14  222.8808
2012   4  15  222.8892
2012   4  16  222.8767
2012   4  17  222.8721
2012   4  18  222.8692
2012   4  19  222.8750
2012   4  20  222.8563
2012   4  21  222.8458
2012   4  22  222.8358
2012   4  23  222.8325
2012   4  24  222.8379
2012   4  25  222.8517
2012   4  26  222.8467
2012   4  27  222.8304
2012   4  28  222.8392
2012   4  29  222.8442
2012   4  30  222.8508
2012   5   1  222.8529
2012   5   2  222.8667
2012   5   3  222.8746
2012   5   4  222.8692
2012   5   5  222.8408
2012   5   6  222.8279
2012   5   7  222.8321
2012   5   8  222.8392
2012   5   9  222.8400
2012   5  10  222.8383
2012   5  11  222.8329
2012   5  12  222.8379
2012   5  13  222.8512
2012   5  14  222.8562
2012   5  15  222.8625
2012   5  16  222.8625
2012   5  17  222.8496
2012   5  18  222.8533
2012   5  19  222.8467
2012   5  20  222.8696
2012   5  21  222.8696
2012   5  22  222.8371
2012   5  23  222.8242
2012   5  24  222.8175
2012   5  25  222.8258
2012   5  26  222.8408
2012   5  27  222.8488
2012   5  28  222.8587
2012   5  29  222.8608
2012   5  30  222.9042
2012   5  31  222.9108
2012   6   1  222.9021
2012   6   2  222.8713
2012   6   3  222.8775
2012   6   4  222.8625
2012   6   5  222.8554
2012   6   6  222.8438
2012   6   7  222.8442
2012   6   8  222.8071
2012   6   9  222.8063
2012   6  10  222.8188
2012   6  11  222.8346
2012   6  12  222.8504
2012   6  13  222.8667
2012   6  14  222.8858
2012   6  15  222.8967
2012   6  16  222.9100
2012   6  17  222.9300
2012   6  18  222.9479
2012   6  19  222.9638
2012   6  20  222.9779
2012   6  21  222.9904
2012   6  22  223.0083
2012   6  23  223.0258
2012   6  24  223.0450
2012   6  25  223.0563
2012   6  26  223.0671
2012   6  27  223.0771
2012   6  28  223.0854
2012   6  29  223.0900
2012   6  30  223.0900
2012   7   4  223.0890
2012   7   5  223.0838
2012   7   6  223.0879
2012   7   7  223.0871
2012   7   8  223.0879
2012   7   9  223.0867
2012   7  10  223.0862
2012   7  11  223.0767
2012   7  12  223.0821
2012   7  13  223.0775
2012   7  14  223.0808
2012   7  15  223.0696
2012   7  16  223.0438
2012   7  17  223.0171
2012   7  18  223.0075
2012   7  19  223.0079
2012   7  20  223.0104
2012   7  21  223.0113
2012   7  22  223.0342
2012   7  23  223.0567
2012   7  24  223.0683
2012   7  25  223.0313
2012   7  26  223.0213
2012   7  27  222.9975
2012   7  28  223.0008
2012   7  29  222.9917
2012   7  30  222.9796
2012   7  31  223.0104
2012   8   1  223.0037
2012   8   2  222.9600
2012   8   3  222.9387
2012   8   4  222.9546
2012   8   5  222.9579
2012   8   6  222.9325
2012   8   7  222.9200
2012   8   8  222.9187
2012   8   9  222.9508
2012   8  10  222.9462
2012   8  11  222.9383
2012   8  12  222.9287
2012   8  13  222.9025
2012   8  14  222.9042
2012   8  15  222.9129
2012   8  16  222.9071
2012   8  17  222.9300
2012   8  18  222.9704
2012   8  19  222.9562
2012   8  20  222.9242
2012   8  21  222.9092
2012   8  22  222.9079
2012   8  23  222.9042
2012   8  24  223.1004
2012   8  25  223.1046
2012   8  26  223.0092
2012   8  27  223.0279
2012   8  28  223.1442
2012   8  29  223.0683
2012   8  30  223.0692
2012   8  31  223.0750
2012   9   1  223.1042
2012   9   2  223.0963
2012   9   3  223.0963
2012   9   4  223.0946
2012   9   5  223.0942
2012   9   6  223.0983
2012   9   7  223.1079
2012   9   8  223.1067
2012   9   9  223.1079
2012   9  10  223.1046
2012   9  11  223.1013
2012   9  12  223.0938
2012   9  13  223.0888
2012   9  14  223.0679
2012   9  15  223.0583
2012   9  16  223.0583
2012   9  17  223.0517
2012   9  18  223.0467
2012   9  19  223.0429
2012   9  20  223.0533
2012   9  21  223.0508
2012   9  22  223.0546
2012   9  23  223.0471
2012   9  24  223.0525
2012   9  25  223.0258
2012   9  26  223.0217
2012   9  27  223.0050
2012   9  28  222.9904
2012   9  29  222.9942
2012   9  30  222.9917
2012  10   1  222.9812
2012  10   2  222.9650
2012  10   3  222.9654
2012  10   4  222.9562
2012  10   5  222.9496
2012  10   6  222.9633
2012  10   7  222.9487
2012  10   8  222.9450
2012  10   9  222.9350
2012  10  10  222.9408
2012  10  11  222.9308
2012  10  12  222.9242
2012  10  13  222.9304
2012  10  14  222.9367
2012  10  15  222.9325
2012  10  16  222.9225
2012  10  17  222.9292
2012  10  18  222.9333
2012  10  19  222.9079
2012  10  20  222.9067
2012  10  21  222.9071
2012  10  22  222.8921
2012  10  23  222.8833
2012  10  24  222.8954
2012  10  25  222.8837
2012  10  26  222.8717
2012  10  27  222.8783
2012  10  28  222.8788
2012  10  29  222.8721
2012  10  30  222.8583
2012  10  31  222.8592
2012  11   1  222.8575
2012  11   2  222.8283
2012  11   3  222.8367
2012  11   4  222.8212
2012  11   5  222.8167
2012  11   6  222.8067
2012  11   7  222.8108
2012  11   8  222.8046
2012  11   9  222.7942
2012  11  10  222.7979
2012  11  11  222.7925
2012  11  12  222.7833
2012  11  13  222.7687
2012  11  14  222.7592
2012  11  15  222.7504
2012  11  16  222.7754
2012  11  17  222.8738
2012  11  18  222.8621
2012  11  19  222.8088
2012  11  20  222.8004
2012  11  21  222.8000
2012  11  22  222.7975
2012  11  23  222.7792
2012  11  24  222.7788
2012  11  25  222.7592
2012  11  26  222.7400
2012  11  27  222.7262
2012  11  28  222.7246
2012  11  29  222.7387
2012  11  30  222.7421
2012  12   1  222.7704
2012  12   2  222.7471
2012  12   3  222.7258
2012  12   4  222.7433
2012  12   5  222.7696
2012  12   6  222.7492
2012  12   7  222.7408
2012  12   8  222.7538
2012  12   9  222.7646
2012  12  10  222.7329
2012  12  11  222.7125
2012  12  12  222.7050
2012  12  13  222.7012
2012  12  14  222.7225
2012  12  15  222.7321
2012  12  16  222.7183
2012  12  17  222.7108
2012  12  18  222.7083
2012  12  19  222.7208
2012  12  20  222.7262
2012  12  21  222.7217
2012  12  22  222.7183
2012  12  23  222.7017
2012  12  24  222.6812
2012  12  25  222.6962
2012  12  26  222.7004
2012  12  27  222.7067
2012  12  28  222.7217
2012  12  29  222.7108
2012  12  30  222.7079
2012  12  31  222.6850
2013   1   1  222.6871
2013   1   2  222.6892
2013   1   3  222.6979
2013   1   4  222.7029
2013   1   5  222.7071
2013   1   6  222.7217
2013   1   7  222.7267
2013   1   8  222.7229
2013   1   9  222.7188
2013   1  10  222.7108
2013   1  11  222.7062
2013   1  12  222.7171
2013   1  13  222.7675
2013   1  14  222.7504
2013   1  15  222.7283
2013   1  16  222.7075
2013   1  17  222.7158
2013   1  18  222.7025
2013   1  19  222.7108
2013   1  20  222.7163
2013   1  21  222.7129
2013   1  22  222.7258
2013   1  23  222.7304
2013   1  24  222.7325
2013   1  25  222.7125
2013   1  26  222.7183
2013   1  27  222.7108
2013   1  28  222.7146
2013   1  29  222.7192
2013   1  30  222.7212
2013   1  31  222.7342
2013   2   1  222.7342
2013   2   2  222.7475
2013   2   3  222.7862
2013   2   4  222.7733
2013   2   5  222.7713
2013   2   6  222.7842
2013   2   7  222.7688
2013   2   8  222.7625
2013   2   9  222.7583
2013   2  10  222.7704
2013   2  11  222.7783
2013   2  12  222.7738
2013   2  13  222.7675
2013   2  14  222.7600
2013   2  15  222.7671
2013   2  16  222.7571
2013   2  17  222.7571
2013   2  18  222.7567
2013   2  19  222.7554
2013   2  20  222.7408
2013   2  21  222.7429
2013   2  22  222.7404
2013   2  23  222.7479
2013   2  24  222.7425
2013   2  25  222.7450
2013   2  26  222.7492
2013   2  27  222.7508
2013   2  28  222.7529
2013   3   1  222.7537
2013   3   2  222.7346
2013   3   3  222.7138
2013   3   4  222.7029
2013   3   5  222.7204
2013   3   6  222.7250
2013   3   7  222.7200
2013   3   8  222.7171
2013   3   9  222.7242
2013   3  10  222.7229
2013   3  11  222.7229
2013   3  12  222.7250
2013   3  13  222.7375
2013   3  14  222.7779
2013   3  15  222.7813
2013   3  16  222.7808
2013   3  17  222.7817
2013   3  18  222.7729
2013   3  19  222.7808
2013   3  20  222.7733
2013   3  21  222.7671
2013   3  22  222.7758
2013   3  23  222.7754
2013   3  24  222.7775
2013   3  25  222.7796
2013   3  26  222.7825
2013   3  27  222.7808
2013   3  28  222.7754
2013   3  29  222.7675
2013   3  30  222.7775
2013   3  31  222.7833
2013   4   1  222.7846
2013   4   2  222.7646
2013   4   3  222.7596
2013   4   4  222.7725
2013   4   5  222.7650
2013   4   6  222.7787
2013   4   7  222.7692
2013   4   8  222.7542
2013   4   9  222.7462
2013   4  10  222.7654
2013   4  11  222.7471
2013   4  12  222.7442
2013   4  13  222.7471
2013   4  14  222.7437
2013   4  15  222.7492
2013   4  16  222.7546
2013   4  17  222.7558
2013   4  18  222.7638
2013   4  19  222.7604
2013   4  20  222.7367
2013   4  21  222.7308
2013   4  22  222.7321
2013   4  23  222.7496
2013   4  24  222.7508
2013   4  25  222.7525
2013   4  26  222.7596
2013   4  27  222.7704
2013   4  28  222.7642
2013   4  29  222.7533
2013   4  30  222.7592
2013   5   1  222.7583
2013   5   2  222.7513
2013   5   3  222.7625
2013   5   4  222.7621
2013   5   5  222.7917
2013   5   6  222.8475
2013   5   7  222.8213
2013   5   8  222.8042
2013   5   9  222.7846
2013   5  10  222.7663
2013   5  11  222.7750
2013   5  12  222.7725
2013   5  13  222.7527
2013   5  31  222.7827
2013   6   1  222.7792
2013   6   2  222.7700
2013   6   3  222.7604
2013   6   4  222.7658
2013   6   5  222.7754
2013   6   6  222.7813
2013   6   7  222.7813
2013   6   8  222.7663
2013   6   9  222.7592
2013   6  10  222.7471
2013   6  11  222.7071
2013   6  12  222.7046
2013   6  13  222.8354
2013   6  14  222.9417
2013   6  15  222.9387
2013   6  16  222.8421
2013   6  17  222.7550
2013   6  18  222.7067
2013   6  19  222.6946
2013   6  20  222.6933
2013   6  21  222.6908
2013   6  22  222.7983
2013   6  23  222.7767
2013   6  24  222.7675
2013   6  25  222.7783
2013   6  26  222.7896
2013   6  27  222.7817
2013   6  28  222.8129
2013   6  29  222.7796
2013   6  30  222.7679
2013   7   1  222.7808
2013   7   2  222.7967
2013   7   3  222.7946
2013   7   4  222.7750
2013   7   5  222.7896
2013   7   6  222.7821
2013   7   7  222.7671
2013   7   8  222.7767
2013   7   9  222.7800
2013   7  10  222.7783
2013   7  11  222.7817
2013   7  12  222.7925
2013   7  13  222.7725
2013   7  14  222.8404
2013   7  15  222.8367
2013   7  16  222.8021
2013   7  17  222.8263
2013   7  18  222.9009
2013   8  10  222.8400
2013   8  11  222.8346
2013   8  12  222.8479
2013   8  13  222.8340
2013   8  19  221.8644
2013   8  20  221.8679
2013   8  21  221.8529
2013   8  22  221.8779
2013   8  23  221.8654
2013   8  24  221.8654
2013   8  25  221.8692
2013   8  26  221.8475
2013   8  27  221.8471
2013   8  28  221.8579
2013   8  29  221.8704
2013   8  30  221.8525
2013   8  31  221.8883
2013   9   1  222.9158
2013   9   2  222.9013
2013   9   3  222.8875
2013   9   4  222.8804
2013   9   5  222.8663
2013   9   6  222.8558
2013   9   7  222.8546
2013   9   8  222.8633
2013   9   9  222.8604
2013   9  10  222.8483
2013   9  11  222.8650
2013   9  12  222.8758
2013   9  13  222.8712
2013   9  14  222.8679
2013   9  15  222.9042
2013   9  16  222.9037
2013   9  17  222.8775
2013   9  18  222.8433
2013   9  19  222.8783
2013   9  20  222.8554
2013   9  21  223.1100
2013   9  22  223.2004
2013   9  23  223.0758
2013   9  24  223.0350
2013   9  25  223.0138
2013   9  26  223.0079
2013   9  27  223.0113
2013   9  28  223.0304
2013   9  29  223.0463
2013   9  30  223.0538
2013  10   1  223.0792
2013  10   2  223.0800
2013  10   3  223.0813
2013  10   4  223.0879
2013  10   5  223.0958
2013  10   6  223.0850
2013  10   7  223.1063
2013  10   8  223.1221
2013  10   9  223.0946
2013  10  10  223.0796
2013  10  11  223.0671
2013  10  12  223.0758
2013  10  13  223.0696
2013  10  14  223.0542
2013  10  15  223.0496
2013  10  16  223.0533
2013  10  17  223.0488
2013  10  18  223.0442
2013  10  19  223.0396
2013  10  20  223.0379
2013  10  21  223.0292
2013  10  22  223.0267
2013  10  23  223.0254
2013  10  24  223.0221
2013  10  25  223.0154
2013  10  26  223.0113
2013  10  27  223.0158
2013  10  28  223.0071
2013  10  29  222.9921
2013  10  30  222.9892
2013  10  31  222.9658
2013  11   1  222.9500
2013  11   2  223.0304
2013  11   3  223.0367
2013  11   4  222.9958
2013  11   5  222.9550
2013  11   6  222.9229
2013  11   7  222.9083
2013  11   8  222.8975
2013  11   9  222.9167
2013  11  10  222.9025
2013  11  11  222.9008
2013  11  12  222.8921
2013  11  13  222.8887
2013  11  14  222.8788
2013  11  15  222.8779
2013  11  16  222.9033
2013  11  17  222.9054
2013  11  18  222.9046
2013  11  19  222.8942
2013  11  20  222.8879
2013  11  21  222.8992
2013  11  22  222.8975
2013  11  23  222.8812
2013  11  24  222.8683
2013  11  25  222.8737
2013  11  26  222.8608
2013  11  27  222.8663
2013  11  28  222.8663
2013  11  29  222.8500
2013  11  30  222.8383
2013  12   1  222.8388
2013  12   2  222.8442
2013  12   3  222.8525
2013  12   4  222.8417
2013  12   5  222.8225
2013  12   6  222.8187
2013  12   7  222.8112
2013  12   8  222.8150
2013  12   9  222.8058
2013  12  10  222.8008
2013  12  11  222.7942
2013  12  12  222.7967
2013  12  13  222.7833
2013  12  14  222.7950
2013  12  15  222.8283
2013  12  16  222.8117
2013  12  17  222.8375
2013  12  18  222.8575
2013  12  19  222.8304
2013  12  20  222.8100
2013  12  21  222.8042
2013  12  22  222.8071
2013  12  23  222.7942
2013  12  24  222.7958
2013  12  25  222.8017
2013  12  26  222.7917
2013  12  27  222.7771
2013  12  28  222.7700
2013  12  29  222.7717
2013  12  30  222.7704
2013  12  31  222.7658
2014   1   1  222.7683
2014   1   2  222.7733
2014   1   3  222.7754
2014   1   4  222.7754
2014   1   5  222.7771
2014   1   6  222.7750
2014   1   7  222.7713
2014   1   8  222.7613
2014   1   9  222.7667
2014   1  10  222.7608
2014   1  11  222.7608
2014   1  12  222.7629
2014   1  13  222.7671
2014   1  14  222.7579
2014   1  15  222.7550
2014   1  16  222.7575
2014   1  17  222.7529
2014   1  18  222.7558
2014   1  19  222.7638
2014   1  20  222.7563
2014   1  21  222.7629
2014   1  22  222.7642
2014   1  23  222.7658
2014   1  24  222.7692
2014   1  25  222.7600
2014   1  26  222.7750
2014   1  27  222.7704
2014   1  28  222.7696
2014   1  29  222.7667
2014   1  30  222.7767
2014   1  31  222.7846
2014   2   1  222.7921
2014   2   2  222.7988
2014   2   3  222.8121
2014   2   4  222.8288
2014   2   5  222.8092
2014   2   6  222.8183
2014   2   7  222.8083
2014   2   8  222.8112
2014   2   9  222.8179
2014   2  10  222.8200
2014   2  11  222.8113
2014   2  12  222.7971
2014   2  13  222.7983
2014   2  14  222.7921
2014   2  15  222.7958
2014   2  16  222.7917
2014   2  17  222.7917
2014   2  18  222.7875
2014   2  19  222.7946
2014   2  20  222.8225
2014   2  21  222.7971
2014   2  22  222.7958
2014   2  23  222.7954
2014   2  24  222.7783
2014   2  25  222.7913
2014   2  26  222.8083
2014   2  27  222.7954
2014   2  28  222.7929
2014   3   1  222.8021
2014   3   2  222.7967
2014   3   3  222.7938
2014   3   4  222.7879
2014   3   5  222.7954
2014   3   6  222.7908
2014   3   7  222.7879
2014   3   8  222.7829
2014   3   9  222.7817
2014   3  10  222.7783
2014   3  11  222.7800
2014   3  12  222.8013
2014   3  13  222.7925
2014   3  14  222.7817
2014   3  15  222.7808
2014   3  16  222.7838
2014   3  17  222.7879
2014   3  18  222.7833
2014   3  19  222.7858
2014   3  20  222.7892
2014   3  21  222.7967
2014   3  22  222.7763
2014   3  23  222.7725
2014   3  24  222.7671
2014   3  25  222.7808
2014   3  26  222.7950
2014   3  27  222.8096
2014   3  28  222.8150
2014   3  29  222.8121
2014   3  30  222.8025
2014   3  31  222.8104
2014   4   1  222.8058
2014   4   2  222.8367
2014   4   3  222.8213
2014   4   4  222.8000
2014   4   5  222.7912
2014   4   6  222.7813
2014   4   7  222.7767
2014   4   8  222.7738
2014   4   9  222.7763
2014   4  10  222.7854
2014   4  11  222.7779
2014   4  12  222.7838
2014   4  13  222.7800
2014   4  14  222.7325
2014   4  15  222.6775
2014   4  16  222.6771
2014   4  17  222.6800
2014   4  18  222.6833
2014   4  19  222.6900
2014   4  20  222.6846
2014   4  21  222.6821
2014   4  22  222.6712
2014   4  23  222.6783
2014   4  24  222.6692
2014   4  25  222.6771
2014   4  26  222.7042
2014   4  27  222.6987
2014   4  28  222.6912
2014   4  29  222.6792
2014   4  30  222.6850
2014   5   1  222.6875
2014   5   2  222.6954
2014   5   3  222.7358
2014   5   4  222.7096
2014   5   5  222.6958
2014   5   6  222.6908
2014   5   7  222.7350
2014   5   8  222.7921
2014   5   9  222.8254
2014   5  10  222.8192
2014   5  11  222.8125
2014   5  12  222.8071
2014   5  13  222.7938
2014   5  14  222.8038
2014   5  15  222.8008
2014   5  16  222.8050
2014   5  17  222.8129
2014   5  18  222.8125
2014   5  19  222.8204
2014   5  20  222.8083
2014   5  21  222.8096
2014   5  22  222.8063
2014   5  23  222.7996
2014   5  24  222.7971
2014   5  25  222.7854
2014   5  26  222.7837
2014   5  27  222.7913
2014   5  28  222.8000
2014   5  29  222.7975
2014   5  30  222.7892
2014   5  31  222.7908
2014   6   1  222.7912
2014   6   2  222.7879
2014   6   3  222.7958
2014   6   4  222.7971
2014   6   5  222.7888
2014   6   6  222.7817
2014   6   7  222.7888
2014   6   8  222.8229
2014   6   9  222.8529
2014   6  10  222.8225
2014   6  11  222.8317
2014   6  12  222.8342
2014   6  13  222.8496
2014   6  14  222.8521
2014   6  15  222.9438
2014   6  16  222.8804
2014   6  17  222.8433
2014   6  18  222.8200
2014   6  19  222.7808
2014   6  20  222.7988
2014   6  21  222.7838
2014   6  22  222.7783
2014   6  23  222.7554
2014   6  24  222.7667
2014   6  25  222.7587
2014   6  26  222.7612
2014   6  27  222.7787
2014   6  28  222.7883
2014   6  29  222.7654
2014   6  30  222.7342
2014   7   1  222.7433
2014   7   2  222.8192
2014   7   3  222.7887
2014   7   4  222.7875
2014   7   5  222.7971
2014   7   6  222.8075
2014   7   7  222.8383
2014   7   8  222.7963
2014   7   9  222.8379
2014   7  10  222.8446
2014   7  11  222.8446
2014   7  12  222.8625
2014   7  13  222.8646
2014   7  14  222.8496
2014   7  15  222.8471
2014   7  16  222.8537
2014   7  17  222.8587
2014   7  18  222.8517
2014   7  19  222.8763
2014   7  20  222.8625
2014   7  21  222.8667
2014   7  22  222.9121
2014   7  23  223.0925
2014   7  24  222.9733
2014   7  25  222.9187
2014   7  26  222.8958
2014   7  27  222.8733
2014   7  28  222.8771
2014   7  29  222.9042
2014   7  30  222.9175
2014   7  31  222.9054
2014   8   1  222.9042
2014   8   2  222.9112
2014   8   3  222.9138
2014   8   4  222.9133
2014   8   5  222.9083
2014   8   6  222.9254
2014   8   7  222.9300
2014   8   8  222.9238
2014   8   9  222.9217
2014   8  10  222.9296
2014   8  11  222.9496
2014   8  12  223.0354
2014   8  13  222.9629
2014   8  14  222.9392
2014   8  15  222.9267
2014   8  16  222.9379
2014   8  17  222.9587
2014   8  18  222.9550
2014   8  19  222.9587
2014   8  20  222.9462
2014   8  21  222.9425
2014   8  22  222.9429
2014   8  23  222.9454
2014   8  24  222.9387
2014   8  25  222.9292
2014   8  26  222.9154
2014   8  27  222.9279
2014   8  28  222.9204
2014   8  29  222.9129
2014   8  30  222.9258
2014   8  31  222.9250
2014   9   1  222.9200
2014   9   2  222.9179
2014   9   3  222.9238
2014   9   4  222.9233
2014   9   5  222.9217
2014   9   6  222.9592
2014   9   7  222.9896
2014   9   8  222.9792
2014   9   9  222.9475
2014   9  10  222.9400
2014   9  11  222.9433
2014   9  12  222.9271
2014   9  13  222.9400
2014   9  14  222.9529
2014   9  15  222.9454
2014   9  16  222.9288
2014   9  17  222.9279
2014   9  18  222.9183
2014   9  19  222.9362
2014   9  20  222.9696
2014   9  21  223.2033
2014   9  22  223.0637
2014   9  23  223.0017
2014   9  24  222.9779
2014   9  25  222.9712
2014   9  26  222.9675
2014   9  27  222.9700
2014   9  28  222.9746
2014   9  29  222.9750
2014   9  30  222.9792
2014  10   1  222.9879
2014  10   2  223.0171
2014  10   3  223.0358
2014  10   4  223.0471
2014  10   5  223.0479
2014  10   6  223.0546
2014  10   7  223.0521
2014  10   8  223.0662
2014  10   9  223.0708
2014  10  10  223.0654
2014  10  11  223.0792
2014  10  12  223.0867
2014  10  13  223.0858
2014  10  14  223.0625
2014  10  15  223.0696
2014  10  16  223.0583
2014  10  17  223.0488
2014  10  18  223.0558
2014  10  19  223.0646
2014  10  20  223.0583
2014  10  21  223.0492
2014  10  22  223.0583
2014  10  23  223.0583
2014  10  24  223.0417
2014  10  25  223.0479
2014  10  26  223.0433
2014  10  27  223.0396
2014  10  28  223.0308
2014  10  29  223.0267
2014  10  30  223.0238
2014  10  31  223.0083
2014  11   1  223.0142
2014  11   2  223.0050
2014  11   3  223.0083
2014  11   4  223.0029
2014  11   5  223.0017
2014  11   6  222.9912
2014  11   7  222.9804
2014  11   8  222.9825
2014  11   9  222.9712
2014  11  10  222.9671
2014  11  11  222.9421
2014  11  12  222.9408
2014  11  13  222.9383
2014  11  14  222.9412
2014  11  15  222.9521
2014  11  16  222.9425
2014  11  17  222.9317
2014  11  18  222.9129
2014  11  19  222.9096
2014  11  20  222.9129
2014  11  21  222.9046
2014  11  22  222.9012
2014  11  23  222.8992
2014  11  24  222.8850
2014  11  25  222.8658
2014  11  26  222.8646
2014  11  27  222.8675
2014  11  28  222.8733
2014  11  29  222.8908
2014  11  30  222.8758
2014  12   1  222.8633
2014  12   2  222.8583
2014  12   3  222.8579
2014  12   4  222.8654
2014  12   5  222.8579
2014  12   6  222.8500
2014  12   7  222.8404
2014  12   8  222.8350
2014  12   9  222.8354
2014  12  10  222.8400
2014  12  11  222.8325
2014  12  12  222.8225
2014  12  13  222.8262
2014  12  14  222.8212
2014  12  15  222.8117
2014  12  16  222.8129
2014  12  17  222.8158
2014  12  18  222.8092
2014  12  19  222.8117
2014  12  20  222.8304
2014  12  21  222.8292
2014  12  22  222.8217
2014  12  23  222.8096
2014  12  24  222.8204
2014  12  25  222.8217
2014  12  26  222.8492
2014  12  27  222.8396
2014  12  28  222.8363
2014  12  29  222.8342
2014  12  30  222.8287
2014  12  31  222.8250
2015   1   1  222.8221
2015   1   2  222.8208
2015   1   3  222.8162
2015   1   4  222.8162
2015   1   5  222.8088
2015   1   6  222.8133
2015   1   7  222.8146
2015   1   8  222.8154
2015   1   9  222.8092
2015   1  10  222.8046
2015   1  11  222.8021
2015   1  12  222.7967
2015   1  13  222.7992
2015   1  14  222.8396
2015   1  15  222.8346
2015   1  16  222.8217
2015   1  17  222.8200
2015   1  18  222.8129
2015   1  19  222.8083
2015   1  20  222.8092
2015   1  21  222.8129
2015   1  22  222.8058
2015   1  23  222.8058
2015   1  24  222.8013
2015   1  25  222.8046
2015   1  26  222.8054
2015   1  27  222.8246
2015   1  28  222.8221
2015   1  29  222.8271
2015   1  30  222.8258
2015   1  31  222.8196
2015   2   1  222.8204
2015   2   2  222.8133
2015   2   3  222.8229
2015   2   4  222.8413
2015   2   5  222.8342
2015   2   6  222.8371
2015   2   7  222.8325
2015   2   8  222.8258
2015   2   9  222.8175
2015   2  10  222.8167
2015   2  11  222.8204
2015   2  12  222.8279
2015   2  13  222.8208
2015   2  14  222.7092
2015   2  15  222.6663
2015   2  16  222.6679
2015   2  17  222.6617
2015   2  18  222.6575
2015   2  19  222.6600
2015   2  20  222.6542
2015   2  21  222.6567
2015   2  22  222.6771
2015   2  23  222.6700
2015   2  24  222.6696
2015   2  25  222.6708
2015   2  26  222.6646
2015   2  27  222.6650
2015   2  28  222.6754
2015   3   1  222.6850
2015   3   2  222.6892
2015   3   3  222.6713
2015   3   4  222.6721
2015   3   5  222.6725
2015   3   6  222.6783
2015   3   7  222.6896
2015   3   8  222.6929
2015   3   9  222.6908
2015   3  10  222.6813
2015   3  11  222.6796
2015   3  12  222.6908
2015   3  13  222.6921
2015   3  14  222.7050
2015   3  15  222.6962
2015   3  16  222.7179
2015   3  17  222.7379
2015   3  18  222.7175
2015   3  19  222.7083
2015   3  20  222.7046
2015   3  21  222.7054
2015   3  22  222.7121
2015   3  23  222.7083
2015   3  24  222.7158
2015   3  25  222.7071
2015   3  26  222.7067
2015   3  27  222.7117
2015   3  28  222.7188
2015   3  29  222.7171
2015   3  30  222.7071
2015   3  31  222.7096
2015   4   1  222.7054
2015   4   2  222.7025
2015   4   3  222.7112
2015   4   4  222.7092
2015   4   5  222.7137
2015   4   6  222.7408
2015   4   7  222.7387
2015   4   8  222.7154
2015   4   9  222.7113
2015   4  10  222.7067
2015   4  11  222.7092
2015   4  12  222.7400
2015   4  13  222.7437
2015   4  14  222.7354
2015   4  15  222.7283
2015   4  16  222.7254
2015   4  17  222.7371
2015   4  18  222.7454
2015   4  19  222.7333
2015   4  20  222.7308
2015   4  21  222.7267
2015   4  22  222.7237
2015   4  23  222.7208
2015   4  24  222.7325
2015   4  25  222.7346
2015   4  26  222.7454
2015   4  27  222.7542
2015   4  28  222.7525
2015   4  29  222.7421
2015   4  30  222.7425
2015   5   1  222.7371
2015   5   2  222.7404
2015   5   3  222.7367
2015   5   4  222.7362
2015   5   5  222.7546
2015   5   6  222.7342
2015   5   7  222.7383
2015   5   8  222.7833
2015   5   9  222.7667
2015   5  10  222.7592
2015   5  11  222.7896
2015   5  12  222.7946
2015   5  13  222.7792
2015   5  14  222.7671
2015   5  15  222.7625
2015   5  16  222.7504
2015   5  17  222.7487
2015   5  18  222.7454
2015   5  19  222.7521
2015   5  20  222.7421
2015   5  21  222.7646
2015   5  22  222.7829
2015   5  23  222.7854
2015   5  24  222.8121
2015   5  25  222.9125
2015   5  26  222.8779
2015   5  27  222.8400
2015   5  28  222.8063
2015   5  29  222.7862
2015   5  30  222.7746
2015   5  31  222.7650
2015   6   1  222.7812
2015   6   2  222.7696
2015   6   3  222.7650
2015   6   4  222.7775
2015   6   5  222.7950
2015   6   6  222.8054
2015   6   7  222.8079
2015   6   8  222.8088
2015   6   9  222.8175
2015   6  10  222.8192
2015   6  11  222.8050
2015   6  12  222.8067
2015   6  13  222.8096
2015   6  14  222.8075
2015   6  15  222.7929
2015   6  16  222.8008
2015   6  17  222.7917
2015   6  18  222.7742
2015   6  19  222.7438
2015   6  20  222.7946
2015   6  21  222.8179
2015   6  22  222.7637
2015   6  23  222.7888
2015   6  24  222.7712
2015   6  25  222.7950
2015   6  26  222.7637
2015   6  27  222.7967
2015   6  28  222.8004
2015   6  29  222.7871
2015   6  30  222.7950
2015   7   1  222.8008
2015   7   2  222.7971
2015   7   3  222.7804
2015   7   4  222.7692
2015   7   5  222.7704
2015   7   6  222.8100
2015   7   7  222.8012
2015   7   8  222.9300
2015   7   9  222.8950
2015   7  10  222.8463
2015   7  11  222.8258
2015   7  12  222.8354
2015   7  13  222.8437
2015   7  14  222.9154
2015   7  15  222.8646
2015   7  16  222.8517
2015   7  17  222.8379
2015   7  18  222.8383
2015   7  19  222.8825
2015   7  20  222.8679
2015   7  21  222.8492
2015   7  22  222.8379
2015   7  23  222.8317
2015   7  24  222.8262
2015   7  25  222.8250
2015   7  26  222.8233
2015   7  27  222.8171
2015   7  28  222.8304
2015   7  29  222.8392
2015   7  30  222.8354
2015   7  31  222.8367
2015   8   1  222.8475
2015   8   2  222.8388
2015   8   3  222.8454
2015   8   4  222.8350
2015   8   5  222.8546
2015   8   6  222.8575
2015   8   7  222.8467
2015   8   8  222.8775
2015   8   9  222.9092
2015   8  10  222.8650
2015   8  11  222.8529
2015   8  12  222.8354
2015   8  13  222.8483
2015   8  14  222.8479
2015   8  15  222.8567
2015   8  16  222.8571
2015   8  17  222.8563
2015   8  18  222.8696
2015   8  19  222.8746
2015   8  20  222.8679
2015   8  21  222.8733
2015   8  22  222.9521
2015   8  23  222.9275
2015   8  24  222.8933
2015   8  25  222.8975
2015   8  26  222.9496
2015   8  27  222.9162
2015   8  28  222.8967
2015   8  29  222.8858
2015   8  30  222.8813
2015   8  31  222.8892
2015   9   1  222.8871
2015   9   2  222.8700
2015   9   3  222.8554
2015   9   4  222.8408
2015   9   5  222.8392
2015   9   6  222.8317
2015   9   7  222.8321
2015   9   8  222.8488
2015   9   9  222.8404
2015   9  10  222.8475
2015   9  11  222.8521
2015   9  12  222.8637
2015   9  13  222.8687
2015   9  14  222.8700
2015   9  15  222.8704
2015   9  16  222.8729
2015   9  17  222.8779
2015   9  18  222.8792
2015   9  19  222.8750
2015   9  20  222.8733
2015   9  21  222.8833
2015   9  22  222.9008
2015   9  23  222.8942
2015   9  24  222.8958
2015   9  25  222.9033
2015   9  26  222.9042
2015   9  27  222.9062
2015   9  28  222.9017
2015   9  29  222.8879
2015   9  30  222.8913
2015  10   1  222.8817
2015  10   2  222.8754
2015  10   3  222.8767
2015  10   4  222.8804
2015  10   5  222.8837
2015  10   6  222.8925
2015  10   7  222.9046
2015  10   8  222.9058
2015  10   9  222.8983
2015  10  10  222.8821
2015  10  11  222.8908
2015  10  12  222.8888
2015  10  13  222.8967
2015  10  14  222.8992
2015  10  15  222.8983
2015  10  16  222.8925
2015  10  17  222.8971
2015  10  18  222.8996
2015  10  19  222.9033
2015  10  20  222.9296
2015  10  21  222.9442
2015  10  22  222.9233
2015  10  23  222.9121
2015  10  24  222.9029
2015  10  25  222.9012
2015  10  26  222.8938
2015  10  27  222.8917
2015  10  28  222.8896
2015  10  29  222.8929
2015  10  30  222.8963
2015  10  31  222.8950
2015  11   1  222.9746
2015  11   2  222.9342
2015  11   3  222.9092
2015  11   4  222.9542
2015  11   5  222.9229
2015  11   6  222.9054
2015  11   7  222.8896
2015  11   8  222.8817
2015  11   9  222.8871
2015  11  10  222.8992
2015  11  11  222.8775
2015  11  12  222.8812
2015  11  13  222.8717
2015  11  14  222.8813
2015  11  15  222.8767
2015  11  16  222.8613
2015  11  17  222.8596
2015  11  18  222.8521
2015  11  19  222.8479
2015  11  20  222.9075
2015  11  21  222.9467
2015  11  22  222.9108
2015  11  23  222.8883
2015  11  24  222.8704
2015  11  25  222.8646
2015  11  26  222.8554
2015  11  27  222.8492
2015  11  28  222.8392
2015  11  29  222.8246
2015  11  30  222.8342
2015  12   1  222.8363
2015  12   2  222.8354
2015  12   3  222.8271
2015  12   4  222.8154
2015  12   5  222.8254
2015  12   6  222.8337
2015  12   7  222.8258
2015  12   8  222.8208
2015  12   9  222.8392
2015  12  10  222.8808
2015  12  11  222.8550
2015  12  12  222.8433
2015  12  13  222.8242
2015  12  14  222.8163
2015  12  15  222.8108
2015  12  16  222.8075
2015  12  17  222.8046
2015  12  18  222.8013
2015  12  19  222.7971
2015  12  20  222.7950
2015  12  21  222.7883
2015  12  22  222.7912
2015  12  23  222.7887
2015  12  24  222.7883
2015  12  25  222.7862
2015  12  26  222.7787
2015  12  27  222.7650
2015  12  28  222.7733
2015  12  29  222.7771
2015  12  30  222.7767
2015  12  31  222.7833
2016   1   1  222.7746
2016   1   2  222.7817
2016   1   3  222.8871
2016   1   4  222.8762
2016   1   5  222.8429
2016   1   6  222.8221
2016   1   7  222.8171
2016   1   8  222.8379
2016   1   9  222.8317
2016   1  10  222.8254
2016   1  11  222.8192
2016   1  12  222.8388
2016   1  13  222.8358
2016   1  14  222.8400
2016   1  15  222.9671
2016   1  16  223.0913
2016   1  17  223.0825
2016   1  18  223.0892
2016   1  19  223.0683
2016   1  20  223.0604
2016   1  21  223.0642
2016   1  22  223.0592
2016   1  23  223.0762
2016   1  24  223.0750
2016   1  25  223.0663
2016   1  26  223.0621
2016   1  27  223.0658
2016   1  28  223.0758
2016   1  29  223.0875
2016   1  30  223.1125
2016   1  31  223.1058
2016   2   1  223.0933
2016   2   2  223.0967
2016   2   3  223.0987
2016   2   4  223.1046
2016   2   5  223.1150
2016   2   6  223.0633
2016   2   7  223.0458
2016   2   8  223.0504
2016   2   9  223.0500
2016   2  10  223.0554
2016   2  11  223.0667
2016   2  12  223.0787
2016   2  13  223.0779
2016   2  14  223.0800
2016   2  15  223.0838
2016   2  16  223.1583
2016   2  17  223.2371
2016   2  18  223.2342
2016   2  19  223.2337
2016   2  20  223.2408
2016   2  21  223.2367
2016   2  22  223.2400
2016   2  23  223.2358
2016   2  24  223.2325
2016   2  25  223.2317
2016   2  26  223.2367
2016   2  27  223.2358
2016   2  28  223.2396
2016   2  29  223.2454
2016   3   1  223.2563
2016   3   2  223.2529
2016   3   3  223.2458
2016   3   4  223.2454
2016   3   5  223.2567
2016   3   6  223.2567
2016   3   7  223.2487
2016   3   8  223.2488
2016   3   9  223.2508
2016   3  10  223.2558
2016   3  11  223.3121
2016   3  12  223.2742
2016   3  13  223.2604
2016   3  14  223.2638
2016   3  15  223.2512
2016   3  16  223.2404
2016   3  17  223.2308
2016   3  18  223.2246
2016   3  19  223.2312
2016   3  20  223.2358
2016   3  21  223.2408
2016   3  22  223.2546
2016   3  23  223.2421
2016   3  24  223.2367
2016   3  25  223.2404
2016   3  26  223.2400
2016   3  27  223.2262
2016   3  28  223.2067
2016   3  29  223.2242
2016   3  30  223.2200
2016   3  31  223.2237
2016   4   1  223.2237
2016   4   2  223.2208
2016   4   3  223.2208
2016   4   4  223.2263
2016   4   5  223.2237
2016   4   6  223.2192
2016   4   7  223.2271
2016   4   8  223.2200
2016   4   9  223.2308
2016   4  10  223.2371
2016   4  11  223.2608
2016   4  12  223.2967
2016   4  13  223.2754
2016   4  14  223.2792
2016   4  15  223.3304
2016   4  16  223.2829
2016   4  17  223.2537
2016   4  18  223.2383
2016   4  19  223.2387
2016   4  20  223.2342
2016   4  21  223.2346
2016   4  22  223.2346
2016   4  23  223.2417
2016   4  24  223.2421
2016   4  25  223.2450
2016   4  26  223.2479
2016   4  27  223.2458
2016   4  28  223.2287
2016   4  29  223.2300
2016   4  30  223.2412
2016   5   1  223.1058
2016   5   2  223.1108
2016   5   3  223.1000
2016   5   4  223.1096
2016   5   5  223.1133
2016   5   6  223.1229
2016   5   7  223.1200
2016   5   8  223.1246
2016   5   9  223.1283
2016   5  10  223.1317
2016   5  11  223.1246
2016   5  12  223.1221
2016   5  13  223.1433
2016   5  14  223.1542
2016   5  15  223.1442
2016   5  16  223.1808
2016   5  17  223.1835
2016   5  18  223.1604
2016   5  19  223.1550
2016   5  20  223.1667
2016   5  21  223.2183
2016   5  22  223.1954
2016   5  23  223.1979
2016   5  24  223.2196
2016   5  25  223.2050
2016   5  26  223.1808
2016   5  27  223.1688
2016   5  28  223.1604
2016   5  29  223.1446
2016   5  30  223.1475
2016   5  31  223.1612
2016   6   1  223.1521
2016   6   2  223.1592
2016   6   3  223.1629
2016   6   4  223.1658
2016   6   5  223.1821
2016   6   6  223.1842
2016   6   7  223.1900
2016   6   8  223.1912
2016   6   9  223.1979
2016   6  10  223.1967
2016   6  11  223.2554
2016   6  12  223.2392
2016   6  13  223.2333
2016   6  14  223.2242
2016   6  15  223.2083
2016   6  16  223.1904
2016   6  17  223.1713
2016   6  18  223.1438
2016   6  19  223.1371
2016   6  20  223.1329
2016   6  21  223.1442
2016   6  22  223.1196
2016   6  23  223.1092
2016   6  24  223.1079
2016   6  25  223.1250
2016   6  26  223.1304
2016   6  27  223.1079
2016   6  28  223.1404
2016   6  29  223.1008
2016   6  30  223.1321
2016   7   1  223.1300
2016   7   2  223.1350
2016   7   3  223.1363
2016   7   4  223.1292
2016   7   5  223.1258
2016   7   6  223.1233
2016   7   7  223.1233
2016   7   8  223.4213
2016   7   9  223.3154
2016   7  10  223.2433
2016   7  11  223.2246
2016   7  12  223.2096
2016   7  13  223.2042
2016   7  14  223.2071
2016   7  15  223.2237
2016   7  16  223.2350
2016   7  17  223.2396
2016   7  18  223.2692
2016   7  19  223.2842
2016   7  20  223.2896
2016   7  21  223.2913
2016   7  22  223.3079
2016   7  23  223.3125
2016   7  24  223.3075
2016   7  25  223.3079
2016   7  26  223.3067
2016   7  27  223.3075
2016   7  28  223.3175
2016   7  29  223.3187
2016   7  30  223.3200
2016   7  31  223.3142
2016   8   1  223.4762
2016   8   2  223.3975
2016   8   3  223.3383
2016   8   4  223.3154
2016   8   5  223.3096
2016   8   6  223.3058
2016   8   7  223.3192
2016   8   8  223.3133
2016   8   9  223.3233
2016   8  10  223.3396
2016   8  11  223.3758
2016   8  12  223.3896
2016   8  13  223.3825
2016   8  14  223.3717
2016   8  15  223.3621
2016   8  16  223.3596
2016   8  17  223.3575
2016   8  18  223.3517
2016   8  19  223.3892
2016   8  20  223.4046
2016   8  21  223.3708
2016   8  22  223.3425
2016   8  23  223.3183
2016   8  24  223.2988
2016   8  25  223.2963
2016   8  26  223.2896
2016   8  27  223.2967
2016   8  28  223.3117
2016   8  29  223.3187
2016   8  30  223.3125
2016   8  31  223.3104
2016   9   1  223.3029
2016   9   2  223.3017
2016   9   3  223.2979
2016   9   4  223.2904
2016   9   5  223.2888
2016   9   6  223.2838
2016   9   7  223.2796
2016   9   8  223.2738
2016   9   9  223.2871
2016   9  10  223.3242
2016   9  11  223.3621
2016   9  12  223.3096
2016   9  13  223.2933
2016   9  14  223.5354
2016   9  15  223.6196
2016   9  16  223.4750
2016   9  17  223.4475
2016   9  18  223.4471
2016   9  19  223.5300
2016   9  20  223.4925
2016   9  21  223.4654
2016   9  22  223.4529
2016   9  23  223.4662
2016   9  24  223.4500
2016   9  25  223.4362
2016   9  26  223.4242
2016   9  27  223.4608
2016   9  28  223.5804
2016   9  29  223.5942
2016   9  30  223.5313
2016  10   1  223.5154
2016  10   2  223.4708
2016  10   3  223.4425
2016  10   4  223.4433
2016  10   5  223.4979
2016  10   6  223.5150
2016  10   7  223.6096
2016  10   8  223.5896
2016  10   9  223.5842
2016  10  10  223.5358
2016  10  11  223.4617
2016  10  12  223.4387
2016  10  13  223.4288
2016  10  14  223.4142
2016  10  15  223.4058
2016  10  16  223.4025
2016  10  17  223.3946
2016  10  18  223.3971
2016  10  19  223.3937
2016  10  20  223.4483
2016  10  21  223.5288
2016  10  22  223.4562
2016  10  23  223.4167
2016  10  24  223.3983
2016  10  25  223.3883
2016  10  26  223.3779
2016  10  27  223.3679
2016  10  28  223.3696
2016  10  29  223.3737
2016  10  30  223.3921
2016  10  31  223.3775
2016  11   1  223.4462
2016  11   2  223.4338
2016  11   3  223.4221
2016  11   4  223.4325
2016  11   5  223.4508
2016  11   6  223.4425
2016  11   7  223.4287
2016  11   8  223.4304
2016  11   9  223.4221
2016  11  10  223.4079
2016  11  11  223.3971
2016  11  12  223.3908
2016  11  13  223.3892
2016  11  14  223.3854
2016  11  15  223.3846
2016  11  16  223.3838
2016  11  17  223.3725
2016  11  18  223.3642
2016  11  19  223.3592
2016  11  20  223.3871
2016  11  21  223.3946
2016  11  22  223.3971
2016  11  23  223.3992
2016  11  24  223.3883
2016  11  25  223.3733
2016  11  26  223.3783
2016  11  27  223.4850
2016  11  28  223.4717
2016  11  29  223.4250
2016  11  30  223.4129
2016  12   1  223.4254
2016  12   2  223.4037
2016  12   3  223.3888
2016  12   4  223.3821
2016  12   5  223.3771
2016  12   6  223.3588
2016  12   7  223.3408
2016  12   8  223.3308
2016  12   9  223.3237
2016  12  10  223.3212
2016  12  11  223.3158
2016  12  12  223.3188
2016  12  13  223.3296
2016  12  14  223.3212
2016  12  15  223.3108
2016  12  16  223.2825
2016  12  17  223.2796
2016  12  18  223.2821
2016  12  19  223.2792
2016  12  20  223.2796
2016  12  21  223.2833
2016  12  22  223.2875
2016  12  23  223.2887
2016  12  24  223.2696
2016  12  25  223.2604
2016  12  26  223.2500
2016  12  27  223.2475
2016  12  28  223.2383
2016  12  29  223.2508
2016  12  30  223.2454
2016  12  31  223.2408
2017   1   1  223.2475
2017   1   2  223.2479
2017   1   3  223.2412
2017   1   4  223.2321
2017   1   5  223.2333
2017   1   6  223.2329
2017   1   7  223.2275
2017   1   8  223.2308
2017   1   9  223.2179
2017   1  10  223.2154
2017   1  11  223.2200
2017   1  12  223.2200
2017   1  13  223.2312
2017   1  14  223.2221
2017   1  15  223.2196
2017   1  16  223.2050
2017   1  17  223.2125
2017   1  18  223.2242
2017   1  19  223.2308
2017   1  20  223.2079
2017   1  21  223.1904
2017   1  22  223.1871
2017   1  23  223.1800
2017   1  24  223.1796
2017   1  25  223.1779
2017   1  26  223.1783
2017   1  27  223.1767
2017   1  28  223.1813
2017   1  29  223.1808
2017   1  30  223.1833
2017   1  31  223.1825
2017   2   1  223.1887
2017   2   2  223.1842
2017   2   3  223.1796
2017   2   4  223.1804
2017   2   5  223.1950
2017   2   6  223.1929
2017   2   7  223.1767
2017   2   8  223.1725
2017   2   9  223.1700
2017   2  10  223.1837
2017   2  11  223.1925
2017   2  12  223.1954
2017   2  13  223.1863
2017   2  14  223.1846
2017   2  15  223.1887
2017   2  16  223.1858
2017   2  17  223.1667
2017   2  18  223.1612
2017   2  19  223.1629
2017   2  20  223.1629
2017   2  21  223.1633
2017   2  22  223.1808
2017   2  23  223.1950
2017   2  24  223.1875
2017   2  25  223.1763
2017   2  26  223.1800
2017   2  27  223.1796
2017   2  28  223.1796
2017   3   1  223.1746
2017   3   2  223.1788
2017   3   3  223.1733
2017   3   4  223.1754
2017   3   5  223.1767
2017   3   6  223.1638
2017   3   7  223.1650
2017   3   8  223.1858
2017   3   9  223.1808
2017   3  10  223.1808
2017   3  11  223.1800
2017   3  12  223.1754
2017   3  13  223.1679
2017   3  14  223.1671
2017   3  15  223.1675
2017   3  16  223.1650
2017   3  17  223.1675
2017   3  18  223.1625
2017   3  19  223.1608
2017   3  20  223.1846
2017   3  21  223.1846
2017   3  22  223.1683
2017   3  23  223.1700
2017   3  24  223.1804
2017   3  25  223.1846
2017   3  26  223.1983
2017   3  27  223.1813
2017   3  28  223.1583
2017   3  29  223.1512
2017   3  30  223.1467
2017   3  31  223.1392
2017   4   1  223.1533
2017   4   2  223.1542
2017   4   3  223.1617
2017   4   4  223.1617
2017   4   5  223.1425
2017   4   6  223.1383
2017   4   7  223.1354
2017   4   8  223.1279
2017   4   9  223.1333
2017   4  10  223.1208
2017   4  11  223.1296
2017   4  12  223.1596
2017   4  13  223.1579
2017   4  14  223.1533
2017   4  15  223.1567
2017   4  16  223.1979
2017   4  17  223.1771
2017   4  18  223.1642
2017   4  19  223.1487
2017   4  20  223.1508
2017   4  21  223.1450
2017   4  22  223.1662
2017   4  23  223.1900
2017   4  24  223.1708
2017   4  25  223.1650
2017   4  26  223.1450
2017   4  27  223.1396
2017   4  28  223.1617
2017   4  29  223.1521
2017   4  30  223.1529
2017   5   1  223.1550
2017   5   2  223.1496
2017   5   3  223.1171
2017   5   4  223.1171
2017   5   5  223.1163
2017   5   6  223.1233
2017   5   7  223.1346
2017   5   8  223.1371
2017   5   9  223.1308
2017   5  10  223.1233
2017   5  11  223.1304
2017   5  12  223.1417
2017   5  13  223.1408
2017   5  14  223.1367
2017   5  15  223.1508
2017   5  16  223.1658
2017   5  17  223.1554
2017   5  18  223.1329
2017   5  19  223.1346
2017   5  20  223.1671
2017   5  21  223.1617
2017   5  22  223.1642
2017   5  23  223.1917
2017   5  24  223.1700
2017   5  25  223.1667
2017   5  26  223.2162
2017   5  27  223.2117
2017   5  28  223.2075
2017   5  29  223.2187
2017   5  30  223.2425
2017   5  31  223.2233
2017   6   1  223.1954
2017   6   2  223.1862
2017   6   3  223.3221
2017   6   4  223.3879
2017   6   5  223.2971
2017   6   6  223.2688
2017   6   7  223.2563
2017   6   8  223.2437
2017   6   9  223.2229
2017   6  10  223.2113
2017   6  11  223.2117
2017   6  12  223.2054
2017   6  13  223.1933
2017   6  14  223.2029
2017   6  15  223.2463
2017   6  16  223.2592
2017   6  17  223.2713
2017   6  18  223.2796
2017   6  19  223.2758
2017   6  20  223.2604
2017   6  21  223.2392
2017   6  22  223.2254
2017   6  23  223.2162
2017   6  24  223.2213
2017   6  25  223.2154
2017   6  26  223.2096
2017   6  27  223.2033
2017   6  28  223.2092
2017   6  29  223.2037
2017   6  30  223.2100
2017   7   1  223.2150
2017   7   2  223.2100
2017   7   3  223.2083
2017   7   4  223.2413
2017   7   5  223.2700
2017   7   6  223.2483
2017   7   7  223.2429
2017   7   8  223.2304
2017   7   9  223.2192
2017   7  10  223.2087
2017   7  11  223.1967
2017   7  12  223.1912
2017   7  13  223.1879
2017   7  14  223.1862
2017   7  15  223.1887
2017   7  16  223.2038
2017   7  17  223.2354
2017   7  18  223.2188
2017   7  19  223.2079
2017   7  20  223.1937
2017   7  21  223.1871
2017   7  22  223.1887
2017   7  23  223.1783
2017   7  24  223.1667
2017   7  25  223.1579
2017   7  26  223.1671
2017   7  27  223.1704
2017   7  28  223.1721
2017   7  29  223.1867
2017   7  30  223.2825
2017   7  31  223.3858
2017   8   1  223.2704
2017   8   2  223.2283
2017   8   3  223.2058
2017   8   4  223.1896
2017   8   5  223.1775
2017   8   6  223.1754
2017   8   7  223.1758
2017   8   8  223.1758
2017   8   9  223.1788
2017   8  10  223.1738
2017   8  11  223.1817
2017   8  12  223.1896
2017   8  13  223.1937
2017   8  14  223.1892
2017   8  15  223.1933
2017   8  16  223.2029
2017   8  17  223.2092
2017   8  18  223.1992
2017   8  19  223.2050
2017   8  20  223.2042
2017   8  21  223.2087
2017   8  22  223.3592
2017   8  23  223.3492
2017   8  24  223.3138
2017   8  25  223.2763
2017   8  26  223.2788
2017   8  27  223.2683
2017   8  28  223.2567
2017   8  29  223.2458
2017   8  30  223.2412
2017   8  31  223.2546
2017   9   1  223.3288
2017   9   2  223.3250
2017   9   3  223.3162
2017   9   4  223.3017
2017   9   5  223.2992
2017   9   6  223.3004
2017   9   7  223.2929
2017   9   8  223.2983
2017   9   9  223.2963
2017   9  10  223.2921
2017   9  11  223.2904
2017   9  12  223.2983
2017   9  13  223.3075
2017   9  14  223.3088
2017   9  15  223.3154
2017   9  16  223.3121
2017   9  17  223.3217
2017   9  18  223.3217
2017   9  19  223.3196
2017   9  20  223.3196
2017   9  21  223.3583
2017   9  22  223.3313
2017   9  23  223.3146
2017   9  24  223.2996
2017   9  25  223.2854
2017   9  26  223.2942
2017   9  27  223.2958
2017   9  28  223.2946
2017   9  29  223.2842
2017   9  30  223.2854
2017  10   1  223.2713
2017  10   2  223.2725
2017  10   3  223.2750
2017  10   4  223.3000
2017  10   5  223.3196
2017  10   6  223.2913
2017  10   7  223.2833
2017  10   8  223.3017
2017  10   9  223.3154
2017  10  10  223.2846
2017  10  11  223.2750
2017  10  12  223.2717
2017  10  13  223.3404
2017  10  14  223.5596
2017  10  15  223.6433
2017  10  16  223.5529
2017  10  17  223.4783
2017  10  18  223.4758
2017  10  19  223.4767
2017  10  20  223.4796
2017  10  21  223.4817
2017  10  22  223.4829
2017  10  23  223.4779
2017  10  24  223.4762
2017  10  25  223.4712
2017  10  26  223.4742
2017  10  27  223.4613
2017  10  28  223.4642
2017  10  29  223.4692
2017  10  30  223.4629
2017  10  31  223.4496
2017  11   1  223.4496
2017  11   2  223.4429
2017  11   3  223.4371
2017  11   4  223.4288
2017  11   5  223.4225
2017  11   6  223.4167
2017  11   7  223.4112
2017  11   8  223.4054
2017  11   9  223.3987
2017  11  10  223.3871
2017  11  11  223.3804
2017  11  12  223.3733
2017  11  13  223.3725
2017  11  14  223.3700
2017  11  15  223.3646
2017  11  16  223.3546
2017  11  17  223.3467
2017  11  18  223.3438
2017  11  19  223.3321
2017  11  20  223.3196
2017  11  21  223.3104
2017  11  22  223.3125
2017  11  23  223.3083
2017  11  24  223.2979
2017  11  25  223.2938
2017  11  26  223.2817
2017  11  27  223.2725
2017  11  28  223.2688
2017  11  29  223.2638
2017  11  30  223.2529
2017  12   1  223.2429
2017  12   2  223.2375
2017  12   3  223.2225
2017  12   4  223.2075
2017  12   5  223.2108
2017  12   6  223.2042
2017  12   7  223.2108
2017  12   8  223.2100
2017  12   9  223.2017
2017  12  10  223.1958
2017  12  11  223.1842
2017  12  12  223.1779
2017  12  13  223.1746
2017  12  14  223.1733
2017  12  15  223.1675
2017  12  16  223.1546
2017  12  17  223.1429
2017  12  18  223.1508
2017  12  19  223.1379
2017  12  20  223.1321
2017  12  21  223.1288
2017  12  22  223.1267
2017  12  23  223.1179
2017  12  24  223.1167
2017  12  25  223.1125
2017  12  26  223.1079
2017  12  27  223.1029
2017  12  28  223.1021
2017  12  29  223.1108
2017  12  30  223.1137
2017  12  31  223.1167
2018   1   1  223.1004
2018   1   2  223.0929
2018   1   3  223.0721
2018   1   4  223.0662
2018   1   5  223.0792
2018   1   6  223.0954
2018   1   7  223.1346
2018   1   8  223.1083
2018   1   9  223.1267
2018   1  10  223.1246
2018   1  11  223.1254
2018   1  12  223.1079
2018   1  13  223.1021
2018   1  14  223.0979
2018   1  15  223.0817
2018   1  16  223.0896
2018   1  17  223.0996
2018   1  18  223.1004
2018   1  19  223.1054
2018   1  20  223.1067
2018   1  21  223.1100
2018   1  22  223.1154
2018   1  23  223.1075
2018   1  24  223.1050
2018   1  25  223.1038
2018   1  26  223.0992
2018   1  27  223.1000
2018   1  28  223.1146
2018   1  29  223.1162
2018   1  30  223.1162
2018   1  31  223.1158
2018   2   1  223.1442
2018   2   2  223.1338
2018   2   3  223.1396
2018   2   4  223.1413
2018   2   5  223.1412
2018   2   6  223.0558
2018   2   7  222.9575
2018   2   8  222.9575
2018   2   9  222.9600
2018   2  10  222.9604
2018   2  11  222.9571
2018   2  12  222.9496
2018   2  13  222.9500
2018   2  14  222.9562
2018   2  15  222.9596
2018   2  16  222.9658
2018   2  17  222.9650
2018   2  18  222.9629
2018   2  19  222.9604
2018   2  20  222.9638
2018   2  21  222.9679
2018   2  22  222.9654
2018   2  23  222.9646
2018   2  24  222.9642
2018   2  25  222.9658
2018   2  26  222.9608
2018   2  27  222.9458
2018   2  28  222.9487
2018   3   1  222.9550
2018   3   2  222.9642
2018   3   3  222.9621
2018   3   4  222.9692
2018   3   5  222.9662
2018   3   6  222.9537
2018   3   7  222.9567
2018   3   8  222.9512
2018   3   9  222.9646
2018   3  10  222.9596
2018   3  11  222.9587
2018   3  12  222.9637
2018   3  13  222.9621
2018   3  14  222.9659
2018   3  15  222.9846
2018   3  16  222.9887
2018   3  17  222.9758
2018   3  18  222.9679
2018   3  19  222.9629
2018   3  20  222.9500
2018   3  21  222.9583
2018   3  22  222.9613
2018   3  23  222.9621
2018   3  24  222.9696
2018   3  25  222.9646
2018   3  26  222.9533
2018   3  27  222.9467
2018   3  28  222.9442
2018   3  29  222.9387
2018   3  30  222.9379
2018   3  31  222.9479
2018   4   1  222.9483
2018   4   2  222.9475
2018   4   3  222.9500
2018   4   4  222.9383
2018   4   5  222.9396
2018   4   6  222.9412
2018   4   7  222.9546
2018   4   8  222.9546
2018   4   9  222.9529
2018   4  10  222.9608
2018   4  11  222.9662
2018   4  12  222.9587
2018   4  13  222.9537
2018   4  14  222.9542
2018   4  15  222.9533
2018   4  16  222.9546
2018   4  17  222.9608
2018   4  18  222.9571
2018   4  19  222.9575
2018   4  20  222.9454
2018   4  21  222.9371
2018   4  22  222.9329
2018   4  23  222.9346
2018   4  24  222.9400
2018   4  25  222.9654
2018   4  26  222.9629
2018   4  27  222.9500
2018   4  28  222.9546
2018   4  29  222.9579
2018   4  30  222.9567
2018   5   1  222.9471
2018   5   2  222.9492
2018   5   3  222.9504
2018   5   4  222.9504
2018   5   5  222.9387
2018   5   6  222.9346
2018   5   7  222.9333
2018   5   8  222.9546
2018   5   9  222.9796
2018   5  10  222.9775
2018   5  11  222.9592
2018   5  12  222.9412
2018   5  13  222.9354
2018   5  14  222.9429
2018   5  15  222.9337
2018   5  16  222.9371
2018   5  17  222.9504
2018   5  18  222.9525
2018   5  19  222.9479
2018   5  20  222.9446
2018   5  21  222.9437
2018   5  22  222.9596
2018   5  23  222.9654
2018   5  24  222.9763
2018   5  25  222.9646
2018   5  26  222.9737
2018   5  27  222.9633
2018   5  28  222.9500
2018   5  29  222.9387
2018   5  30  222.9387
2018   5  31  222.9537
2018   6   1  222.9900
2018   6   2  222.9979
2018   6   3  222.9888
2018   6   4  223.0000
2018   6   5  222.9958
2018   6   6  222.9700
2018   6   7  222.9558
2018   6   8  222.9629
2018   6   9  222.9371
2018   6  10  222.9283
2018   6  11  222.9458
2018   6  12  222.9400
2018   6  13  222.9375
2018   6  14  222.9808
2018   6  15  223.1258
2018   6  16  223.0942
2018   6  17  223.0683
2018   6  18  223.0371
2018   6  19  223.0371
2018   6  20  223.0263
2018   6  21  222.9967
2018   6  22  222.9779
2018   6  23  222.9654
2018   6  24  222.9579
2018   6  25  222.9487
2018   6  26  222.9429
2018   6  27  222.9508
2018   6  28  222.9525
2018   6  29  222.9479
2018   6  30  222.9446
2018   7   1  222.9558
2018   7   2  222.9733
2018   7   3  222.9725
2018   7   4  222.9746
2018   7   5  222.9758
2018   7   6  222.9767
2018   7   7  222.9817
2018   7   8  222.9817
2018   7   9  222.9796
2018   7  10  222.9725
2018   7  11  222.9854
2018   7  12  223.0100
2018   7  13  223.0692
2018   7  14  223.0354
2018   7  15  223.0348
2018   7  16  223.0283
2018   7  17  223.1367
2018   7  18  223.0742
2018   7  19  223.0525
2018   7  20  223.0450
2018   7  21  223.0408
2018   7  22  223.0358
2018   7  23  223.0300
2018   7  24  223.0275
2018   7  25  223.0217
2018   7  26  223.0225
2018   7  27  223.0288
2018   7  28  223.0392
2018   7  29  223.0408
2018   7  30  223.0325
2018   7  31  223.0221
2018   8   1  223.0383
2018   8   2  223.0433
2018   8   3  223.0358
2018   8   4  223.0438
2018   8   5  223.0479
2018   8   6  223.0408
2018   8   7  223.0379
2018   8   8  223.0400
2018   8   9  223.0425
2018   8  10  223.0308
2018   8  11  223.0325
2018   8  12  223.0392
2018   8  13  223.0521
2018   8  14  223.0513
2018   8  15  223.0454
2018   8  16  223.0396
2018   8  17  223.0350
2018   8  18  223.0242
2018   8  19  223.0325
2018   8  20  223.0208
2018   8  21  223.0171
2018   8  22  223.0204
2018   8  23  223.0721
2018   8  24  223.1279
2018   8  25  223.0738
2018   8  26  223.0921
2018   8  27  223.1379
2018   8  28  223.2012
2018   8  29  223.2342
2018   8  30  223.1750
2018   8  31  223.1162
2018   9   1  223.1425
2018   9   2  223.1533
2018   9   3  223.1221
2018   9   4  223.1121
2018   9   5  223.1204
2018   9   6  223.1333
2018   9   7  223.1217
2018   9   8  223.1325
2018   9   9  223.1383
2018   9  10  223.2054
2018   9  11  223.2571
2018   9  12  223.2171
2018   9  13  223.2092
2018   9  14  223.1871
2018   9  15  223.3192
2018   9  16  223.4192
2018   9  17  223.4175
2018   9  18  223.3296
2018   9  19  223.3083
2018   9  20  223.2958
2018   9  21  223.2925
2018   9  22  223.2942
2018   9  23  223.3017
2018   9  24  223.3229
2018   9  25  223.3342
2018   9  26  223.3283
2018   9  27  223.3221
2018   9  28  223.3133
2018   9  29  223.3150
2018   9  30  223.3329
2018  10   1  223.3071
2018  10   2  223.2996
2018  10   3  223.2975
2018  10   4  223.2979
2018  10   5  223.2879
2018  10   6  223.2875
2018  10   7  223.2879
2018  10   8  223.2850
2018  10   9  223.3042
2018  10  10  223.3033
2018  10  11  223.2804
2018  10  12  223.2688
2018  10  13  223.2567
2018  10  14  223.2442
2018  10  15  223.2463
2018  10  16  223.2463
2018  10  17  223.2600
2018  10  18  223.2462
2018  10  19  223.2333
2018  10  20  223.2296
2018  10  21  223.2321
2018  10  22  223.2283
2018  10  23  223.2233
2018  10  24  223.2242
2018  10  25  223.2171
2018  10  26  223.2112
2018  10  27  223.2188
2018  10  28  223.2108
2018  10  29  223.1979
2018  10  30  223.1896
2018  10  31  223.2135
2018  11   1  223.2417
2018  11   2  223.2771
2018  11   3  223.2567
2018  11   4  223.2208
2018  11   5  223.1925
2018  11   6  223.1683
2018  11   7  223.1542
2018  11   8  223.1429
2018  11   9  223.1321
2018  11  10  223.1367
2018  11  11  223.1350
2018  11  12  223.1200
2018  11  13  223.1183
2018  11  14  223.1262
2018  11  15  223.1146
2018  11  16  223.1021
2018  11  17  223.0938
2018  11  18  223.0983
2018  11  19  223.0967
2018  11  20  223.0992
2018  11  21  223.0900
2018  11  22  223.0900
2018  11  23  223.0842
2018  11  24  223.0829
2018  11  25  223.0767
2018  11  26  223.0658
2018  11  27  223.0575
2018  11  28  223.0600
2018  11  29  223.0592
2018  11  30  223.0475
2018  12   1  223.0375
2018  12   2  223.0362
2018  12   3  223.0254
2018  12   4  223.0279
2018  12   5  223.0396
2018  12   6  223.0287
2018  12   7  223.0138
2018  12   8  222.9963
2018  12   9  222.9950
2018  12  10  222.9912
2018  12  11  222.9879
2018  12  12  222.9804
2018  12  13  222.9779
2018  12  14  222.9688
2018  12  15  222.9646
2018  12  16  222.9729
2018  12  17  222.9733
2018  12  18  222.9779
2018  12  19  222.9654
2018  12  20  222.9504
2018  12  21  222.9442
2018  12  22  222.9458
2018  12  23  222.9683
2018  12  24  222.9658
2018  12  25  222.9575
2018  12  26  222.9600
2018  12  27  222.9600
2018  12  28  222.9512
2018  12  29  222.9504
2018  12  30  222.9563
2018  12  31  222.9467
2019   1   1  222.9362
2019   1   2  222.6161
2019   1   3  222.3100
2019   1   4  222.2983
2019   1   5  222.3088
2019   1   6  222.3271
2019   1   7  222.3088
2019   1   8  222.5367
2019   1   9  223.1037
2019   1  10  223.1221
2019   1  11  223.1162
2019   1  12  223.1029
2019   1  13  223.1017
2019   1  14  223.1096
2019   1  15  223.1067
2019   1  16  223.1104
2019   1  17  223.1079
2019   1  18  223.1112
2019   1  19  223.1033
2019   1  20  223.1113
2019   1  21  223.1142
2019   1  22  223.1158
2019   1  23  223.1108
2019   1  24  223.1175
2019   1  25  223.1192
2019   1  26  223.1133
2019   1  27  223.1087
2019   1  28  223.1042
2019   1  29  223.1050
2019   1  30  223.1013
2019   1  31  223.1004
2019   2   1  223.1075
2019   2   2  223.1021
2019   2   3  223.1042
2019   2   4  223.1117
2019   2   5  223.1183
2019   2   6  223.1158
2019   2   7  223.1079
2019   2   8  223.1033
2019   2   9  223.1058
2019   2  10  223.1083
2019   2  11  223.1067
2019   2  12  223.1150
2019   2  13  223.1079
2019   2  14  223.1021
2019   2  15  223.1021
2019   2  16  223.0950
2019   2  17  223.1004
2019   2  18  223.0975
2019   2  19  223.1075
2019   2  20  223.1062
2019   2  21  223.0996
2019   2  22  223.1029
2019   2  23  223.1071
2019   2  24  223.1075
2019   2  25  223.1083
2019   2  26  223.1075
2019   2  27  223.1021
2019   2  28  223.1087
2019   3   1  223.1213
2019   3   2  223.1117
2019   3   3  223.1054
2019   3   4  223.0992
2019   3   5  223.1029
2019   3   6  223.1017
2019   3   7  223.1275
2019   3   8  223.1604
2019   3   9  223.1429
2019   3  10  223.1350
2019   3  11  223.1383
2019   3  12  223.1221
2019   3  13  223.1150
2019   3  14  223.1050
2019   3  15  223.1008
2019   3  16  223.0904
2019   3  17  223.0754
2019   3  18  223.0767
2019   3  19  223.0804
2019   3  20  223.0817
2019   3  21  223.0742
2019   3  22  223.0737
2019   3  23  223.0742
2019   3  24  223.0863
2019   3  25  223.0808
2019   3  26  223.0700
2019   3  27  223.0637
2019   3  28  223.0658
2019   3  29  223.0596
2019   3  30  223.0658
2019   3  31  223.0817
2019   4   1  223.0829
2019   4   2  223.0833
2019   4   3  223.0729
2019   4   4  223.0454
2019   4   5  223.0467
2019   4   6  223.0479
2019   4   7  223.0542
2019   4   8  223.0488
2019   4   9  223.0362
2019   4  10  223.0267
2019   4  11  223.0296
2019   4  12  223.0450
2019   4  13  223.0558
2019   4  14  223.0571
2019   4  15  223.0696
2019   4  16  223.0729
2019   4  17  223.0708
2019   4  18  223.0708
2019   4  19  223.0962
2019   4  20  223.0829
2019   4  21  223.0838
2019   4  22  223.0829
2019   4  23  223.0708
2019   4  24  223.0550
2019   4  25  223.0446
2019   4  26  223.0496
2019   4  27  223.0679
2019   4  28  223.0804
2019   4  29  223.0833
2019   4  30  223.0796
2019   5   1  223.0967
2019   5   2  223.1283
2019   5   3  223.1313
2019   5   4  223.1275
2019   5   5  223.1108
2019   5   6  223.1292
2019   5   7  223.1167
2019   5   8  223.1104
2019   5   9  223.1108
2019   5  10  223.1167
2019   5  11  223.1112
2019   5  12  223.1021
2019   5  13  223.0992
2019   5  14  223.0838
2019   5  15  223.1096
2019   5  16  223.1192
2019   5  17  223.1071
2019   5  18  223.1212
2019   5  19  223.1046
2019   5  20  223.1054
2019   5  21  223.1171
2019   5  22  223.0921
2019   5  23  223.0875
2019   5  24  223.0887
2019   5  25  223.0950
2019   5  26  223.0792
2019   5  27  223.0696
2019   5  28  223.1067
2019   5  29  223.1275
2019   5  30  223.1050
2019   5  31  223.0950
2019   6   1  223.0800
2019   6   2  223.0729
2019   6   3  223.0600
2019   6   4  223.0604
2019   6   5  223.0529
2019   6   6  223.0737
2019   6   7  223.0583
2019   6   8  223.0500
2019   6   9  223.0438
2019   6  10  223.0371
2019   6  11  223.0496
2019   6  12  223.0796
2019   6  13  223.0817
2019   6  14  223.0767
2019   6  15  223.0762
2019   6  16  223.0629
2019   6  17  223.0625
2019   6  18  223.0625
2019   6  19  223.0529
2019   6  20  223.0492
2019   6  21  223.0463
2019   6  22  223.0408
2019   6  23  223.0338
2019   6  24  223.0429
2019   6  25  223.0396
2019   6  26  223.0354
2019   6  27  223.0500
2019   6  28  223.0429
2019   6  29  223.0429
2019   6  30  223.0292
2019   7   1  223.0242
2019   7   2  223.0350
2019   7   3  223.0592
2019   7   4  223.0633
2019   7   5  223.0662
2019   7   6  223.0571
2019   7   7  223.0621
2019   7   8  223.0558
2019   7   9  223.0671
2019   7  10  223.0746
2019   7  11  223.0808
2019   7  12  223.0821
2019   7  13  223.0754
2019   7  14  223.0771
2019   7  15  223.0846
2019   7  16  223.0950
2019   7  17  223.0950
2019   7  18  223.1021
2019   7  19  223.1054
2019   7  20  223.1029
2019   7  21  223.1071
2019   7  22  223.1292
2019   7  23  223.1221
2019   7  24  223.1121
2019   7  25  223.1167
2019   7  26  223.1125
2019   7  27  223.1275
2019   7  28  223.1392
2019   7  29  223.1200
2019   7  30  223.1171
2019   7  31  223.1071
2019   8   1  223.1167
2019   8   2  223.1604
2019   8   3  223.1346
2019   8   4  223.1213
2019   8   5  223.1167
2019   8   6  223.1046
2019   8   7  223.1096
2019   8   8  223.1113
2019   8   9  223.1087
2019   8  10  223.1050
2019   8  11  223.0863
2019   8  12  223.0829
2019   8  13  223.0758
2019   8  14  223.0783
2019   8  15  223.0792
2019   8  16  223.1287
2019   8  17  223.1192
2019   8  18  223.0883
2019   8  19  223.1033
2019   8  20  223.1104
2019   8  21  223.1350
2019   8  22  223.1213
2019   8  23  223.1050
2019   8  24  223.3354
2019   8  25  223.3762
2019   8  26  223.2404
2019   8  27  223.2000
2019   8  28  223.1796
2019   8  29  223.1658
2019   8  30  223.1658
2019   8  31  223.1771
2019   9   1  223.1863
2019   9   2  223.2104
2019   9   3  223.2233
2019   9   4  222.8792
2019   9   5  223.2229
2019   9   6  223.2525
2019   9   7  223.2713
2019   9   8  223.2738
2019   9   9  223.2871
2019   9  10  223.2933
2019   9  11  223.2967
2019   9  12  223.2896
2019   9  13  223.3017
2019   9  14  223.2983
2019   9  15  223.3021
2019   9  16  223.3162
2019   9  17  223.3288
2019   9  18  223.3254
2019   9  19  223.3208
2019   9  20  223.3329
2019   9  21  223.3408
2019   9  22  223.3837
2019   9  23  223.3579
2019   9  24  223.3533
2019   9  25  223.3283
2019   9  26  223.3117
2019   9  27  223.3154
2019   9  28  223.3063
2019   9  29  223.2946
2019   9  30  223.3400
2019  10   1  223.3171
2019  10   2  223.3038
2019  10   3  223.2958
2019  10   4  223.2983
2019  10   5  223.2796
2019  10   6  223.2900
2019  10   7  223.2800
2019  10   8  223.2804
2019  10   9  223.2858
2019  10  10  223.2900
2019  10  11  223.2921
2019  10  12  223.2963
2019  10  13  223.3021
2019  10  14  223.2950
2019  10  15  223.2975
2019  10  16  223.2704
2019  10  17  223.2621
2019  10  18  223.2558
2019  10  19  223.2625
2019  10  20  223.2833
2019  10  21  223.2900
2019  10  22  223.2842
2019  10  23  223.2654
2019  10  24  223.2554
2019  10  25  223.2487
2019  10  26  223.2379
2019  10  27  223.2312
2019  10  28  223.2300
2019  10  29  223.2383
2019  10  30  223.2413
2019  10  31  223.2588
2019  11   1  223.3017
2019  11   2  223.2533
2019  11   3  223.2342
2019  11   4  223.2229
2019  11   5  223.2167
2019  11   6  223.2187
2019  11   7  223.2283
2019  11   8  223.2229
2019  11   9  223.2117
2019  11  10  223.2033
2019  11  11  223.1779
2019  11  12  223.1779
2019  11  13  223.1725
2019  11  14  223.1675
2019  11  15  223.1625
2019  11  16  223.1604
2019  11  17  223.1713
2019  11  18  223.1679
2019  11  19  223.1688
2019  11  20  223.1504
2019  11  21  223.1508
2019  11  22  223.1567
2019  11  23  223.1567
2019  11  24  223.1496
2019  11  25  223.1267
2019  11  26  223.1229
2019  11  27  223.1171
2019  11  28  223.1117
2019  11  29  223.1062
2019  11  30  223.1054
2019  12   1  223.1067
2019  12   2  223.1042
2019  12   3  223.1013
2019  12   4  223.1283
2019  12   5  223.1496
2019  12   6  223.1583
2019  12   7  223.1529
2019  12   8  223.1392
2019  12   9  223.1333
2019  12  10  223.1338
2019  12  11  223.1296
2019  12  12  223.1221
2019  12  13  223.1196
2019  12  14  223.1113
2019  12  15  223.1096
2019  12  16  223.1142
2019  12  17  223.1075
2019  12  18  223.1096
2019  12  19  223.1208
2019  12  20  223.1167
2019  12  21  223.1133
2019  12  22  223.1083
2019  12  23  223.1108
2019  12  24  223.1192
2019  12  25  223.1250
2019  12  26  223.1321
2019  12  27  223.1392
2019  12  28  223.1375
2019  12  29  223.2246
2019  12  30  223.2554
2019  12  31  223.2125
2020   1   1  223.1937
2020   1   2  223.1846
2020   1   3  223.1792
2020   1   4  223.1696
2020   1   5  223.1708
2020   1   6  223.1717
2020   1   7  223.1679
2020   1   8  223.1654
2020   1   9  223.1629
2020   1  10  223.1604
2020   1  11  223.1604
2020   1  12  223.1558
2020   1  13  223.1487
2020   1  14  223.1625
2020   1  15  223.1646
2020   1  16  223.1558
2020   1  17  223.1583
2020   1  18  223.1521
2020   1  19  223.1487
2020   1  20  223.1437
2020   1  21  223.1558
2020   1  22  223.1421
2020   1  23  223.1421
2020   1  24  223.1567
2020   1  25  223.1638
2020   1  26  223.1825
2020   1  27  223.1775
2020   1  28  223.1742
2020   1  29  223.1758
2020   1  30  223.1646
2020   1  31  223.1746
2020   2   1  223.1696
2020   2   2  223.1621
2020   2   3  223.1625
2020   2   4  223.1542
2020   2   5  223.1579
2020   2   6  223.1479
2020   2   7  223.1433
2020   2   8  223.1492
2020   2   9  223.1571
2020   2  10  223.1404
2020   2  11  223.1463
2020   2  12  223.1633
2020   2  13  223.1433
2020   2  14  223.1433
2020   2  15  223.1471
2020   2  16  223.1446
2020   2  17  223.1529
2020   2  18  223.1383
2020   2  19  223.1313
2020   2  20  223.1329
2020   2  21  223.1500
2020   2  22  223.1338
2020   2  23  223.1354
2020   2  24  223.1471
2020   2  25  223.1454
2020   2  26  223.1338
2020   2  27  223.1417
2020   2  28  223.1554
2020   2  29  223.1646
2020   3   1  223.1679
2020   3   2  223.1600
2020   3   3  223.1483
2020   3   4  223.1575
2020   3   5  223.1679
2020   3   6  223.1521
2020   3   7  223.1521
2020   3   8  223.1617
2020   3   9  223.1729
2020   3  10  223.1658
2020   3  11  223.1617
2020   3  12  223.1525
2020   3  13  223.1500
2020   3  14  223.1917
2020   3  15  223.1908
2020   3  16  223.1767
2020   3  17  223.1654
2020   3  18  223.1675
2020   3  19  223.1642
2020   3  20  223.1683
2020   3  21  223.1658
2020   3  22  223.1458
2020   3  23  223.1400
2020   3  24  223.1558
2020   3  25  223.1512
2020   3  26  223.1358
2020   3  27  223.1367
2020   3  28  223.1467
2020   3  29  223.1746
2020   3  30  223.1596
2020   3  31  223.1692
2020   4   1  223.1721
2020   4   2  223.1679
2020   4   3  223.1638
2020   4   4  223.1717
2020   4   5  223.1667
2020   4   6  223.1608
2020   4   7  223.1917
2020   4   8  223.1683
2020   4   9  223.1500
2020   4  10  223.1508
2020   4  11  223.1587
2020   4  12  223.1700
2020   4  13  223.1846
2020   4  14  223.1712
2020   4  15  223.1642
2020   4  16  223.1579
2020   4  17  223.1504
2020   4  18  223.1371
2020   4  19  223.1396
2020   4  20  223.1433
2020   4  21  223.1475
2020   4  22  223.1375
2020   4  23  223.1425
2020   4  24  223.1392
2020   4  25  223.1542
2020   4  26  223.1550
2020   4  27  223.1579
2020   4  28  223.1704
2020   4  29  223.1442
2020   4  30  223.1433
2020   5   1  223.1587
2020   5   2  223.1608
2020   5   3  223.1629
2020   5   4  223.1442
2020   5   5  223.1379
2020   5   6  223.1292
2020   5   7  223.1404
2020   5   8  223.1496
2020   5   9  223.1463
2020   5  10  223.1375
2020   5  11  223.1437
2020   5  12  223.1525
2020   5  13  223.1525
2020   5  14  223.1621
2020   5  15  223.1675
2020   5  16  223.1471
2020   5  17  223.1667
2020   5  18  223.1875
2020   5  19  223.1754
2020   5  20  223.1612
2020   5  21  223.1633
2020   5  22  223.2508
2020   5  23  223.3133
2020   5  24  223.2613
2020   5  25  223.2337
2020   5  26  223.2150
2020   5  27  223.2354
2020   5  28  223.2067
2020   5  29  223.1896
2020   5  30  223.1787
2020   5  31  223.1900
2020   6   1  223.1788
2020   6   2  223.1596
2020   6   3  223.1767
2020   6   4  223.1796
2020   6   5  223.1775
2020   6   6  223.1738
2020   6   7  223.1700
2020   6   8  223.1733
2020   6   9  223.1733
2020   6  10  223.1663
2020   6  11  223.1646
2020   6  12  223.1692
2020   6  13  223.1621
2020   6  14  223.1646
2020   6  15  223.1500
2020   6  16  223.1525
2020   6  17  223.1454
2020   6  18  223.1421
2020   6  19  223.1596
2020   6  20  223.1625
2020   6  21  223.1637
2020   6  22  223.1358
2020   6  23  223.1283
2020   6  24  223.1213
2020   6  25  223.1312
2020   6  26  223.1342
2020   6  27  223.1283
2020   6  28  223.1392
2020   6  29  223.1542
2020   6  30  223.1463
2020   7   1  223.1413
2020   7   2  223.1254
2020   7   3  223.1250
2020   7   4  223.1242
2020   7   5  223.1317
2020   7   6  223.1187
2020   7   7  223.1254
2020   7   8  223.1346
2020   7   9  223.1325
2020   7  10  223.1229
2020   7  11  223.1242
2020   7  12  223.1500
2020   7  13  223.1454
2020   7  14  223.1329
2020   7  15  223.1379
2020   7  16  223.1454
2020   7  17  223.1433
2020   7  18  223.1279
2020   7  19  223.1671
2020   7  20  223.1900
2020   7  21  223.1717
2020   7  22  223.1463
2020   7  23  223.1396
2020   7  24  223.1342
2020   7  25  223.1450
2020   7  26  223.1242
2020   7  27  223.1275
2020   7  28  223.2171
2020   7  29  223.2087
2020   7  30  223.2113
2020   7  31  223.1912
2020   8   1  223.1750
2020   8   2  223.1758
2020   8   3  223.1829
2020   8   4  223.1608
2020   8   5  223.1546
2020   8   6  223.1492
2020   8   7  223.1442
2020   8   8  223.1396
2020   8   9  223.1425
2020   8  10  223.1450
2020   8  11  223.2246
2020   8  12  223.1833
2020   8  13  223.1692
2020   8  14  223.1746
2020   8  15  223.1879
2020   8  16  223.1733
2020   8  17  223.2067
2020   8  18  223.1896
2020   8  19  223.1796
2020   8  20  223.1738
2020   8  21  223.1608
2020   8  22  223.1654
2020   8  23  223.1562
2020   8  24  223.1333
2020   8  25  223.1283
2020   8  26  223.1317
2020   8  27  223.1529
2020   8  28  223.1588
2020   8  29  223.1729
2020   8  30  223.1867
2020   8  31  223.1771
2020   9   1  223.1758
2020   9   2  223.1575
2020   9   3  223.1975
2020   9   4  223.2367
2020   9   5  223.2092
2020   9   6  223.1975
2020   9   7  223.1904
2020   9   8  223.1725
2020   9   9  223.1687
2020   9  10  223.1892
2020   9  11  223.1946
2020   9  12  223.1862
2020   9  13  223.1754
2020   9  14  223.1788
2020   9  15  223.1729
2020   9  16  223.1558
2020   9  17  223.1562
2020   9  18  223.1279
2020   9  19  223.1262
2020   9  20  223.1483
2020   9  21  223.1504
2020   9  22  223.1521
2020   9  23  223.1479
2020   9  24  223.1558
2020   9  25  223.1600
2020   9  26  223.1633
2020   9  27  223.1779
2020   9  28  223.1738
2020   9  29  223.1746
2020   9  30  223.1758
2020  10   1  223.1696
2020  10   2  223.1604
2020  10   3  223.1554
2020  10   4  223.1592
2020  10   5  223.1492
2020  10   6  223.1408
2020  10   7  223.1454
2020  10   8  223.1313
2020  10   9  223.1283
2020  10  10  223.1329
2020  10  11  223.1463
2020  10  12  223.1375
2020  10  13  223.1333
2020  10  14  223.1704
2020  10  15  223.1596
2020  10  16  223.1458
2020  10  17  223.1508
2020  10  18  223.1408
2020  10  19  223.1350
2020  10  20  223.1304
2020  10  21  223.1517
2020  10  22  223.1683
2020  10  23  223.1592
2020  10  24  223.1546
2020  10  25  223.1442
2020  10  26  223.1338
2020  10  27  223.1308
2020  10  28  223.1279
2020  10  29  223.1350
2020  10  30  223.1371
2020  10  31  223.1321
2020  11   1  223.1288
2020  11   2  223.1317
2020  11   3  223.1279
2020  11   4  223.1254
2020  11   5  223.1104
2020  11   6  223.1742
2020  11   7  223.2258
2020  11   8  223.1692
2020  11   9  223.1442
2020  11  10  223.1225
2020  11  11  223.1142
2020  11  12  223.1004
2020  11  13  223.1087
2020  11  14  223.1108
2020  11  15  223.1025
2020  11  16  223.0913
2020  11  17  223.0938
2020  11  18  223.0792
2020  11  19  223.0733
2020  11  20  223.0713
2020  11  21  223.0696
2020  11  22  223.0733
2020  11  23  223.0633
2020  11  24  223.0583
2020  11  25  223.0637
2020  11  26  223.0650
2020  11  27  223.0483
2020  11  28  223.0454
2020  11  29  223.0442
2020  11  30  223.0404
2020  12   1  223.0375
2020  12   2  223.0354
2020  12   3  223.0350
2020  12   4  223.0354
2020  12   5  223.0571
2020  12   6  223.0483
2020  12   7  223.0450
2020  12   8  223.0538
2020  12   9  223.0371
2020  12  10  223.0321
2020  12  11  223.0300
2020  12  12  223.0333
2020  12  13  223.0308
2020  12  14  223.0225
2020  12  15  223.0187
2020  12  16  223.0179
2020  12  17  223.0271
2020  12  18  223.0313
2020  12  19  223.0350
2020  12  20  223.0296
2020  12  21  223.0129
2020  12  22  223.0229
2020  12  23  223.0392
2020  12  24  223.0383
2020  12  25  223.0263
2020  12  26  223.0183
2020  12  27  223.0142
2020  12  28  223.0275
2020  12  29  223.0363
2020  12  30  223.0438
2020  12  31  223.0429
2021   1   1  223.0458
2021   1   2  223.0379
2021   1   3  223.0413
2021   1   4  223.0358
2021   1   5  223.0358
2021   1   6  223.0292
2021   1   7  223.0233
2021   1   8  223.0358
2021   1   9  223.0367
2021   1  10  223.0400
2021   1  11  223.0367
2021   1  12  223.0483
2021   1  13  223.0458
2021   1  14  223.0454
2021   1  15  223.0496
2021   1  16  223.0500
2021   1  17  223.0450
2021   1  18  223.0483
2021   1  19  223.0537
2021   1  20  223.0675
2021   1  21  223.0500
2021   1  22  223.0750
2021   1  23  223.0758
2021   1  24  223.0858
2021   1  25  223.0879
2021   1  26  223.0846
2021   1  27  223.0817
2021   1  28  223.0954
2021   1  29  223.0979
2021   1  30  223.0946
2021   1  31  223.0858
2021   2   1  223.0896
2021   2   2  223.0975
2021   2   3  223.0929
2021   2   4  223.0833
2021   2   5  223.0875
2021   2   6  223.0925
2021   2   7  223.0850
2021   2   8  223.0758
2021   2   9  223.0821
2021   2  10  223.0996
2021   2  11  223.1942
2021   2  12  223.1454
2021   2  13  223.1250
2021   2  14  223.1175
2021   2  15  223.1121
2021   2  16  223.1062
2021   2  17  223.1075
2021   2  18  223.1104
2021   2  19  223.1046
2021   2  20  223.0962
2021   2  21  223.1062
2021   2  22  223.0917
2021   2  23  223.0775
2021   2  24  223.0746
2021   2  25  223.0700
2021   2  26  223.0717
2021   2  27  223.1025
2021   2  28  223.1025
2021   3   1  223.0892
2021   3   2  223.0942
2021   3   3  223.0833
2021   3   4  223.0879
2021   3   5  223.0913
2021   3   6  223.0942
2021   3   7  223.0863
2021   3   8  223.0704
2021   3   9  223.0833
2021   3  10  223.0783
2021   3  11  223.0717
2021   3  12  223.0721
2021   3  13  223.0900
2021   3  14  223.0929
2021   3  15  223.0879
2021   3  16  223.0854
2021   3  17  223.0896
2021   3  18  223.0850
2021   3  19  223.1000
2021   3  20  223.0954
2021   3  21  223.0867
2021   3  22  223.0779
2021   3  23  223.0850
2021   3  24  223.0796
2021   3  25  223.0762
2021   3  26  223.0671
2021   3  27  223.0779
2021   3  28  223.0796
2021   3  29  223.0675
2021   3  30  223.0554
2021   3  31  223.0617
2021   4   1  223.0654
2021   4   2  223.0546
2021   4   3  223.0546
2021   4   4  223.0642
2021   4   5  223.0767
2021   4   6  223.0667
2021   4   7  223.0588
2021   4   8  223.0600
2021   4   9  223.0563
2021   4  10  223.0579
2021   4  11  223.0608
2021   4  12  223.0538
2021   4  13  223.0621
2021   4  14  223.0763
2021   4  15  223.0863
2021   4  16  223.0763
2021   4  17  223.0825
2021   4  18  223.0888
2021   4  19  223.0892
2021   4  20  223.0762
2021   4  21  223.0592
2021   4  22  223.0608
2021   4  23  223.0600
2021   4  24  223.0738
2021   4  25  223.0813
2021   4  26  223.0913
2021   4  27  223.0842
2021   4  28  223.0879
2021   4  29  223.0942
2021   4  30  223.0921
2021   5   1  223.0813
2021   5   2  223.0871
2021   5   3  223.0850
2021   5   4  223.0842
2021   5   5  223.0833
2021   5   6  223.0825
2021   5   7  223.0812
2021   5   8  223.0792
2021   5   9  223.0712
2021   5  10  223.0754
2021   5  11  223.0792
2021   5  12  223.0725
2021   5  13  223.0758
2021   5  14  223.0908
2021   5  15  223.1017
2021   5  16  223.1212
2021   5  17  223.1242
2021   5  18  223.1188
2021   5  19  222.8742
2021   5  20  223.1038
2021   5  21  223.0933
2021   5  22  223.0858
2021   5  23  223.0863
2021   5  24  223.0954
2021   5  25  223.1000
2021   5  26  223.0942
2021   5  27  223.0842
2021   5  28  223.0950
2021   5  29  223.1221
2021   5  30  223.1267
2021   5  31  223.1450
2021   6   1  223.1433
2021   6   2  223.1071
2021   6   3  223.0933
2021   6   4  223.0821
2021   6   5  223.0938
2021   6   6  223.2088
2021   6   7  223.1737
2021   6   8  223.1267
2021   6   9  223.0938
2021   6  10  223.0875
2021   6  11  223.0663
2021   6  12  223.0533
2021   6  13  223.0467
2021   6  14  223.0362
2021   6  15  223.0250
2021   6  16  223.0200
2021   6  17  223.0154
2021   6  18  223.0108
2021   6  19  223.0029
2021   6  20  223.0050
2021   6  21  222.9979
2021   6  22  222.9971
2021   6  23  223.0050
2021   6  24  223.0521
2021   6  25  223.0712
2021   6  26  223.0721
2021   6  27  223.1117
2021   6  28  223.1154
2021   6  29  223.0800
2021   6  30  223.0650
2021   7   1  223.0500
2021   7   2  223.0429
2021   7   3  223.0308
2021   7   4  223.0292
2021   7   5  223.0250
2021   7   6  223.1017
2021   7   7  223.1079
2021   7   8  223.1013
2021   7   9  223.0975
2021   7  10  223.0908
2021   7  11  223.0900
2021   7  12  223.0792
2021   7  13  223.0621
2021   7  14  223.0642
2021   7  15  223.0925
2021   7  16  223.1017
2021   7  17  223.0892
2021   7  18  223.0908
2021   7  19  223.0796
2021   7  20  223.0863
2021   7  21  223.0892
2021   7  22  223.0917
2021   7  23  223.0804
2021   7  24  223.0717
2021   7  25  223.0829
2021   7  26  223.0733
2021   7  27  223.0804
2021   7  28  223.0825
2021   7  29  223.0813
2021   7  30  223.1188
2021   7  31  223.1254
2021   8   1  223.2129
2021   8   2  223.1850
2021   8   3  223.1558
2021   8   4  223.1650
2021   8   5  223.1950
2021   8   6  223.1671
2021   8   7  223.1967
2021   8   8  223.1671
2021   8   9  223.1225
2021   8  10  223.0996
2021   8  11  223.0858
2021   8  12  223.0762
2021   8  13  223.0675
2021   8  14  223.0629
2021   8  15  223.0679
2021   8  16  223.0712
2021   8  17  223.0879
2021   8  18  223.1037
2021   8  19  223.1200
2021   8  20  223.1233
2021   8  21  223.1296
2021   8  22  223.1367
2021   8  23  223.1313
2021   8  24  223.1258
2021   8  25  223.1163
2021   8  26  223.0938
2021   8  27  223.1033
2021   8  28  223.0971
2021   8  29  223.1183
2021   8  30  223.1204
2021   8  31  223.1213
2021   9   1  223.1079
2021   9   2  223.1129
2021   9   3  223.1329
2021   9   4  223.1421
2021   9   5  223.1388
2021   9   6  223.1238
2021   9   7  223.1279
2021   9   8  223.1350
2021   9   9  223.1271
2021   9  10  223.1229
2021   9  11  223.1825
2021   9  12  223.2138
2021   9  13  223.1671
2021   9  14  223.1658
2021   9  15  223.1583
2021   9  16  223.1604
2021   9  17  223.1450
2021   9  18  223.1229
2021   9  19  223.1246
2021   9  20  223.1154
2021   9  21  223.1233
2021   9  22  223.1425
2021   9  23  223.1596
2021   9  24  223.1642
2021   9  25  223.1629
2021   9  26  223.1696
2021   9  27  223.1658
2021   9  28  223.1592
2021   9  29  223.1483
2021   9  30  223.1358
2021  10   1  223.1475
2021  10   2  223.1725
2021  10   3  223.1746
2021  10   4  223.1533
2021  10   5  223.1196
2021  10   6  223.1142
2021  10   7  223.1117
2021  10   8  223.1158
2021  10   9  223.1250
2021  10  10  223.1250
2021  10  11  223.2437
2021  10  12  223.4433
2021  10  13  223.5033
2021  10  14  223.4200
2021  10  15  223.3238
2021  10  16  223.2629
2021  10  17  223.2583
2021  10  18  223.2475
2021  10  19  223.2475
2021  10  20  223.2488
2021  10  21  223.2513
2021  10  22  223.2529
2021  10  23  223.2379
2021  10  24  223.2704
2021  10  25  223.2779
2021  10  26  223.2975
2021  10  27  223.2904
2021  10  28  223.2783
2021  10  29  223.2737
2021  10  30  223.2779
2021  10  31  223.2817
2021  11   1  223.2888
2021  11   2  223.3113
2021  11   3  223.3054
2021  11   4  223.3133
2021  11   5  223.3196
2021  11   6  223.3004
2021  11   7  223.3029
2021  11   8  223.2850
2021  11   9  223.2742
2021  11  10  223.2817
2021  11  11  223.2829
2021  11  12  223.2904
2021  11  13  223.2971
2021  11  14  223.2971
2021  11  15  223.2750
2021  11  16  223.2483
2021  11  17  223.2621
2021  11  18  223.2492
2021  11  19  223.2371
2021  11  20  223.2333
2021  11  21  223.2050
2021  11  22  223.2033
2021  11  23  223.2225
2021  11  24  223.2033
2021  11  25  223.2137
2021  11  26  223.2175
2021  11  27  223.2629
2021  11  28  223.2687
2021  11  29  223.2483
2021  11  30  223.2275
2021  12   1  223.2062
2021  12   2  223.1925
2021  12   3  223.1821
2021  12   4  223.1700
2021  12   5  223.1692
2021  12   6  223.1542
2021  12   7  223.1567
2021  12   8  223.1512
2021  12   9  223.1471
2021  12  10  223.1425
2021  12  11  223.1392
2021  12  12  223.1233
2021  12  13  223.1204
2021  12  14  223.1196
2021  12  15  223.1121
2021  12  16  223.1175
2021  12  17  223.1158
2021  12  18  223.1154
2021  12  19  223.1112
2021  12  20  223.1079
2021  12  21  223.1179
2021  12  22  223.1154
2021  12  23  223.1125
2021  12  24  223.1067
2021  12  25  223.1033
2021  12  26  223.0996
2021  12  27  223.0938
2021  12  28  223.0883
2021  12  29  223.0775
2021  12  30  223.0954
2021  12  31  223.0863
2022   1   1  223.0958
2022   1   2  223.1008
2022   1   3  223.0992
2022   1   4  223.1062
2022   1   5  223.1087
2022   1   6  223.1150
2022   1   7  223.1112
2022   1   8  223.1175
2022   1   9  223.1137
2022   1  10  223.1042
2022   1  11  223.1229
2022   1  12  223.1408
2022   1  13  223.1442
2022   1  14  223.1479
2022   1  15  223.1458
2022   1  16  223.1429
2022   1  17  223.1333
2022   1  18  223.1304
2022   1  19  223.1354
2022   1  20  223.1313
2022   1  21  223.1350
2022   1  22  223.1642
2022   1  23  223.1767
2022   1  24  223.1533
2022   1  25  223.1496
2022   1  26  223.1442
2022   1  27  223.1421
2022   1  28  223.1721
2022   1  29  223.2592
2022   1  30  223.1917
2022   1  31  223.1512
2022   2   1  223.1496
2022   2   2  223.1533
2022   2   3  223.1300
2022   2   4  223.1354
2022   2   5  223.1304
2022   2   6  223.1375
2022   2   7  223.1504
2022   2   8  223.1492
2022   2   9  223.1546
2022   2  10  223.1342
2022   2  11  223.1308
2022   2  12  223.1437
2022   2  13  223.1483
2022   2  14  223.1492
2022   2  15  223.1575
2022   2  16  223.1471
2022   2  17  223.1500
2022   2  18  223.1579
2022   2  19  223.1679
2022   2  20  223.2192
2022   2  21  223.1767
2022   2  22  223.1633
2022   2  23  223.1946
2022   2  24  223.1867
2022   2  25  223.1675
2022   2  26  223.1617
2022   2  27  223.1688
2022   2  28  223.1696
2022   3   1  223.1579
2022   3   2  223.1688
2022   3   3  223.1612
2022   3   4  223.1704
2022   3   5  223.1700
2022   3   6  223.1763
2022   3   7  223.1700
2022   3   8  223.1504
2022   3   9  223.1438
2022   3  10  223.1429
2022   3  11  223.1550
2022   3  12  223.1612
2022   3  13  223.1654
2022   3  14  223.1754
2022   3  15  223.1758
2022   3  16  223.1783
2022   3  17  223.1887
2022   3  18  223.1842
2022   3  19  223.1842
2022   3  20  223.1879
2022   3  21  223.1771
2022   3  22  223.1571
2022   3  23  223.0554
2022   3  24  223.0271
2022   3  25  223.0308
2022   3  26  223.0304
2022   3  27  223.0317
2022   3  28  223.0350
2022   3  29  223.0383
2022   3  30  223.0425
2022   3  31  223.0438
2022   4   1  223.0521
2022   4   2  223.0500
2022   4   3  223.0533
2022   4   4  223.0446
2022   4   5  223.0154
2022   4   6  223.0158
2022   4   7  223.0175
2022   4   8  223.0242
2022   4   9  223.0321
2022   4  10  223.0325
2022   4  11  223.0937
2022   4  12  223.1025
2022   4  13  223.1221
2022   4  14  223.0925
2022   4  15  223.0742
2022   4  16  223.0708
2022   4  17  223.0662
2022   4  18  223.0579
2022   4  19  223.0417
2022   4  20  223.0367
2022   4  21  223.0392
2022   4  22  223.0646
2022   4  23  223.0783
2022   4  24  223.1108
2022   4  25  223.1392
2022   4  26  223.0975
2022   4  27  223.0833
2022   4  28  223.0812
2022   4  29  223.0746
2022   4  30  223.0746
2022   5   1  223.0738
2022   5   2  223.0946
2022   5   3  223.1329
2022   5   4  223.1058
2022   5   5  223.1025
2022   5   6  223.0958
2022   5   7  223.1088
2022   5   8  223.1179
2022   5   9  223.1121
2022   5  10  223.1163
2022   5  11  223.1317
2022   5  12  223.1296
2022   5  13  223.1300
2022   5  14  223.1258
2022   5  15  223.1604
2022   5  16  223.1867
2022   5  17  223.1537
2022   5  18  223.1400
2022   5  19  223.1513
2022   5  20  223.1629
2022   5  21  223.1546
2022   5  22  223.1612
2022   5  23  223.1612
2022   5  24  223.1588
2022   5  25  223.1954
2022   5  26  223.2012
2022   5  27  223.2037
2022   5  28  223.1729
2022   5  29  223.1733
2022   5  30  223.1671
2022   5  31  223.1571
2022   6   1  223.1596
2022   6   2  223.1654
2022   6   3  223.2513
2022   6   4  223.2517
2022   6   5  223.2158
2022   6   6  223.2042
2022   6   7  223.2200
2022   6   8  223.2521
2022   6   9  223.2671
2022   6  10  223.2429
2022   6  11  223.2192
2022   6  12  223.2100
2022   6  13  223.1996
2022   6  14  223.1950
2022   6  15  223.1962
2022   6  16  223.1846
2022   6  17  223.1792
2022   6  18  223.1754
2022   6  19  223.1721
2022   6  20  223.1571
2022   6  21  223.1400
2022   6  22  223.1512
2022   6  23  223.0154
2022   6  24  223.1567
2022   6  25  223.1413
2022   6  26  223.1325
2022   6  27  223.1250
2022   6  28  223.1329
2022   6  29  223.1471
2022   6  30  223.1504
2022   7   1  223.1608
2022   7   2  223.1583
2022   7   3  223.1579
2022   7   4  223.1525
2022   7   5  223.1504
2022   7   6  223.1642
2022   7   7  223.1821
2022   7   8  223.1658
2022   7   9  223.1604
2022   7  10  223.1554
2022   7  11  223.1412
2022   7  12  223.1358
2022   7  13  223.1304
2022   7  14  223.1208
2022   7  15  223.1158
2022   7  16  223.1163
2022   7  17  223.1146
2022   7  18  223.1142
2022   7  19  223.1137
2022   7  20  223.1075
2022   7  21  223.1033
2022   7  22  223.1025
2022   7  23  223.0904
2022   7  24  223.0967
2022   7  25  223.0954
2022   7  26  223.0992
2022   7  27  223.0879
2022   7  28  223.0783
2022   7  29  223.0817
2022   7  30  223.0788
2022   7  31  223.0679
2022   8   1  223.0450
2022   8   2  223.0825
2022   8   3  223.1162
2022   8   4  223.0958
2022   8   5  223.0879
2022   8   6  223.0800
2022   8   7  223.0754
2022   8   8  223.0692
2022   8   9  223.0642
2022   8  10  223.0538
2022   8  11  223.0533
2022   8  12  223.0708
2022   8  13  223.0850
2022   8  14  223.0917
2022   8  15  223.0858
2022   8  16  223.0588
2022   8  17  223.0575
2022   8  18  223.0662
2022   8  19  223.0721
2022   8  20  223.0721
2022   8  21  223.0738
2022   8  22  223.0679
2022   8  23  223.0463
2022   8  24  223.1262
2022   8  25  223.1125
2022   8  26  223.0908
2022   8  27  223.0913
2022   8  28  223.0879
2022   8  29  223.0800
2022   8  30  223.0613
2022   8  31  223.0696
2022   9   1  223.0804
2022   9   2  223.0783
2022   9   3  223.0750
2022   9   4  223.0767
2022   9   5  223.0650
2022   9   6  223.0958
2022   9   7  223.0921
2022   9   8  223.0758
2022   9   9  223.0754
2022   9  10  223.0638
2022   9  11  223.0646
2022   9  12  223.0429
2022   9  13  223.0538
2022   9  14  223.0592
2022   9  15  223.0688
2022   9  16  223.0812
2022   9  17  223.0521
2022   9  18  222.5846
2022   9  19  222.4946
2022   9  20  222.4996
2022   9  21  222.5229
2022   9  22  222.5546
2022   9  23  222.5667
2022   9  24  222.5700
2022   9  25  222.5787
2022   9  26  222.6108
2022   9  27  222.6046
2022   9  28  222.6046
2022   9  29  222.6104
2022   9  30  222.6221
2022  10   1  222.6642
2022  10   2  222.6946
2022  10   3  222.7138
2022  10   4  222.7329
2022  10   5  222.7492
2022  10   6  222.7617
2022  10   7  222.7813
2022  10   8  222.8258
2022  10   9  222.8775
2022  10  10  222.8617
2022  10  11  222.8308
2022  10  12  222.8183
2022  10  13  222.8208
2022  10  14  222.8292
2022  10  15  222.8312
2022  10  16  222.9313
2022  10  17  222.9117
2022  10  18  222.8700
2022  10  19  222.8358
2022  10  20  222.8179
2022  10  21  222.8096
2022  10  22  222.8279
2022  10  23  222.8250
2022  10  24  222.8267
2022  10  25  222.8221
2022  10  26  222.8196
2022  10  27  222.8092
2022  10  28  222.8063
2022  10  29  222.8033
2022  10  30  222.8033
2022  10  31  222.9642
2022  11   1  222.9996
2022  11   2  222.8775
2022  11   3  222.8342
2022  11   4  222.8183
2022  11   5  222.8321
2022  11   6  222.8529
2022  11   7  222.8221
2022  11   8  222.8342
2022  11   9  222.8292
2022  11  10  222.8175
2022  11  11  222.7971
2022  11  12  222.7996
2022  11  13  222.7988
2022  11  14  222.8000
2022  11  15  222.8192
2022  11  16  222.8192
2022  11  17  222.8113
2022  11  18  222.7850
2022  11  19  222.7808
2022  11  20  222.7783
2022  11  21  222.7737
2022  11  22  222.7750
2022  11  23  222.7879
2022  11  24  222.7846
2022  11  25  222.7663
2022  11  26  222.7946
2022  11  27  222.8446
2022  11  28  222.8262
2022  11  29  222.8167
2022  11  30  222.8108
2022  12   1  222.8000
2022  12   2  222.7979
2022  12   3  222.7933
2022  12   4  222.7804
2022  12   5  222.7783
2022  12   6  222.7908
2022  12   7  222.8088
2022  12   8  222.8171
2022  12   9  222.8179
2022  12  10  222.7875
2022  12  11  222.7792
2022  12  12  222.7929
2022  12  13  222.7983
2022  12  14  222.7996
2022  12  15  222.7992
2022  12  16  222.7992
2022  12  17  222.7750
2022  12  18  222.8188
2022  12  19  222.8563
2022  12  20  222.8158
2022  12  21  222.8192
2022  12  22  222.8142
2022  12  23  222.8117
2022  12  24  222.7879
2022  12  25  222.7921
2022  12  26  222.8038
2022  12  27  222.7896
2022  12  28  222.7783
2022  12  29  222.7646
2022  12  30  222.7700
2022  12  31  222.7454
2023   1   1  222.7521
2023   1   2  222.7437
2023   1   3  222.7417
2023   1   4  222.7383
2023   1   5  222.7379
2023   1   6  222.7200
2023   1   7  222.7129
2023   1   8  222.7154
2023   1   9  222.7042
2023   1  10  222.7133
2023   1  11  222.7112
2023   1  12  222.7117
2023   1  13  222.7071
2023   1  14  222.7017
2023   1  15  222.7100
2023   1  16  222.7087
2023   1  17  222.7075
2023   1  18  222.7004
2023   1  19  222.7008
2023   1  20  222.6933
2023   1  21  222.6892
2023   1  22  222.6846
2023   1  23  222.6679
2023   1  24  222.6892
2023   1  25  222.6833
2023   1  26  222.6871
2023   1  27  222.6937
2023   1  28  222.6937
2023   1  29  222.6958
2023   1  30  222.7042
2023   1  31  222.7075
2023   2   1  222.7062
2023   2   2  222.7096
2023   2   3  222.7104
2023   2   4  222.6958
2023   2   5  222.7138
2023   2   6  222.7362
2023   2   7  222.7404
2023   2   8  222.7371
2023   2   9  222.7312
2023   2  10  222.7379
2023   2  11  222.7342
2023   2  12  222.7379
2023   2  13  222.7287
2023   2  14  222.7296
2023   2  15  222.7229
2023   2  16  222.7271
2023   2  17  222.7321
2023   2  18  222.7312
2023   2  19  222.7283
2023   2  20  222.7267
2023   2  21  222.7117
2023   2  22  222.7092
2023   2  23  222.7079
2023   2  24  222.7096
2023   2  25  222.7150
2023   2  26  222.7121
2023   2  27  222.7192
2023   2  28  222.7287
2023   3   1  222.7317
2023   3   2  222.7333
2023   3   3  222.7300
2023   3   4  222.7167
2023   3   5  222.7425
2023   3   6  222.7342
2023   3   7  222.7188
2023   3   8  222.7100
2023   3   9  222.7108
2023   3  10  222.7137
2023   3  11  222.7050
2023   3  12  222.7137
2023   3  13  222.7321
2023   3  14  222.7563
2023   3  15  222.7646
2023   3  16  222.7387
2023   3  17  222.7375
2023   3  18  222.7425
2023   3  19  222.7779
2023   3  20  222.7725
2023   3  21  222.7412
2023   3  22  222.7300
2023   3  23  222.7250
2023   3  24  222.7196
2023   3  25  222.7217
2023   3  26  222.7296
2023   3  27  222.7450
2023   3  28  222.7579
2023   3  29  222.7596
2023   3  30  222.7392
2023   3  31  222.7417
2023   4   1  222.7562
2023   4   2  222.7850
2023   4   3  222.7750
2023   4   4  222.7567
2023   4   5  222.7488
2023   4   6  222.7454
2023   4   7  222.7525
2023   4   8  222.7429
2023   4   9  222.7446
2023   4  10  222.7583
2023   4  11  222.7675
2023   4  12  222.7621
2023   4  13  222.7446
2023   4  14  222.7379
2023   4  15  222.7342
2023   4  16  222.7513
2023   4  17  222.7575
2023   4  18  222.7458
2023   4  19  222.7367
2023   4  20  222.7558
2023   4  21  222.7796
2023   4  22  222.7929
2023   4  23  222.7946
2023   4  24  222.8004
2023   4  25  222.8100
2023   4  26  222.8163
2023   4  27  222.7813
2023   4  28  222.7692
2023   4  29  222.7671
2023   4  30  222.7887
2023   5   1  222.7821
2023   5   2  222.7632
2023   5   3  222.7604
2023   5   4  222.7586
2023   5   5  222.7493
2023   5   6  222.7492
2023   5   7  222.7601
2023   5   8  222.8078
2023   5   9  222.8191
2023   5  10  222.8250
2023   5  11  222.8025
2023   5  12  222.7925
2023   5  13  222.7936
2023   5  14  222.8298
2023   5  15  222.8595
2023   5  16  222.8379
2023   5  17  222.8245
2023   5  18  222.8070
