2012   1   1  263.3475
2012   1   2  263.2638
2012   1   3  263.1846
2012   1   4  263.0925
2012   1   5  263.0042
2012   1   6  262.9271
2012   1   7  262.8458
2012   1   8  262.7671
2012   1   9  262.6850
2012   1  10  262.6038
2012   1  11  262.5137
2012   1  12  262.4375
2012   1  13  262.3700
2012   1  14  262.3087
2012   1  15  262.2513
2012   1  16  262.1833
2012   1  17  262.1071
2012   1  18  262.0400
2012   1  19  261.9712
2012   1  20  261.9008
2012   1  21  261.8292
2012   1  22  261.7558
2012   1  23  261.6804
2012   1  24  261.6163
2012   1  25  261.5438
2012   1  26  261.4762
2012   1  27  261.4142
2012   1  28  261.3563
2012   1  29  261.2971
2012   1  30  261.2404
2012   1  31  261.1871
2012   2   1  261.1362
2012   2   2  261.0758
2012   2   3  261.0167
2012   2   4  260.9712
2012   2   5  260.9208
2012   2   6  260.8779
2012   2   7  260.8138
2012   2   8  260.7408
2012   2   9  260.6821
2012   2  10  260.6300
2012   2  11  260.5708
2012   2  12  260.5129
2012   2  13  260.3979
2012   2  14  260.2971
2012   2  15  260.2475
2012   2  16  260.1896
2012   2  17  260.1375
2012   2  18  260.0779
2012   2  19  260.0238
2012   2  20  259.9800
2012   2  21  259.9429
2012   2  22  259.9046
2012   2  23  259.8642
2012   2  24  259.8163
2012   2  25  259.7729
2012   2  26  259.7229
2012   2  27  259.6679
2012   2  28  259.6304
2012   2  29  259.5792
2012   3   1  259.5388
2012   3   2  259.5000
2012   3   3  259.4583
2012   3   4  259.4175
2012   3   5  259.3833
2012   3   6  259.3358
2012   3   7  259.3008
2012   3   8  259.2579
2012   3   9  259.2217
2012   3  10  259.1825
2012   3  11  259.1363
2012   3  12  259.1904
2012   3  13  259.2325
2012   3  14  259.1946
2012   3  15  259.1608
2012   3  16  259.1233
2012   3  17  259.0900
2012   3  18  259.0579
2012   3  19  259.0229
2012   3  20  258.9812
2012   3  21  258.9479
2012   3  22  258.9221
2012   3  23  258.8850
2012   3  24  258.8363
2012   3  25  258.7929
2012   3  26  258.7575
2012   3  27  258.7538
2012   3  28  258.7517
2012   3  29  258.7504
2012   3  30  258.7508
2012   3  31  258.7504
2012   4  18  257.9575
2012   4  19  257.9229
2012   4  20  257.9004
2012   4  21  257.8729
2012   4  22  257.8292
2012   4  23  257.8100
2012   4  24  257.7788
2012   4  25  257.7512
2012   4  26  257.6929
2012   4  27  257.6546
2012   4  28  257.6317
2012   4  29  257.6196
2012   4  30  257.5738
2012   5   1  257.5588
2012   5   2  257.5421
2012   5   3  257.4933
2012   5   4  257.4575
2012   5   5  257.4300
2012   5   6  257.4000
2012   5   7  257.3717
2012   5   8  257.3467
2012   5   9  257.3271
2012   5  10  257.2887
2012   5  11  257.2571
2012   5  12  257.2421
2012   5  13  257.2150
2012   5  14  257.1992
2012   5  15  257.1854
2012   5  16  257.1471
2012   5  17  257.1242
2012   5  18  257.1046
2012   5  19  257.1013
2012   5  20  257.0938
2012   5  21  257.0763
2012   5  22  257.0683
2012   5  23  257.0542
2012   5  24  257.0475
2012   5  25  257.0479
2012   5  26  257.0296
2012   5  27  257.0163
2012   5  28  257.0167
2012   5  29  257.0242
2012   5  30  257.0404
2012   5  31  257.0487
2012   6   1  257.0483
2012   6   2  257.0671
2012   6   3  257.0587
2012   6   4  257.0325
2012   6   5  257.0425
2012   6   6  257.0396
2012   6   7  257.0571
2012   6   8  257.0813
2012   6   9  257.1092
2012   6  10  257.1083
2012   6  11  257.1275
2012   6  12  257.1692
2012   6  13  257.2542
2012   6  14  257.3800
2012   6  15  257.5542
2012   6  16  257.7579
2012   6  17  257.9862
2012   6  18  258.2108
2012   6  19  258.3996
2012   6  20  258.5663
2012   6  21  258.7604
2012   6  22  258.9879
2012   6  23  259.1871
2012   6  24  259.3762
2012   6  25  259.5517
2012   6  26  259.7125
2012   6  27  259.8625
2012   6  28  260.0029
2012   6  29  260.1083
2012   6  30  260.2161
2012   7   4  260.5960
2012   7   5  260.6350
2012   7   6  260.6896
2012   7   7  260.7388
2012   7   8  260.7771
2012   7   9  260.8004
2012   7  10  260.8375
2012   7  11  260.8596
2012   7  12  260.8729
2012   7  13  260.8858
2012   7  14  260.8787
2012   7  15  260.8775
2012   7  16  260.8883
2012   7  17  260.8767
2012   7  18  260.8700
2012   7  19  260.8692
2012   7  20  260.8471
2012   7  21  260.8271
2012   7  22  260.7975
2012   7  23  260.7967
2012   7  24  260.7963
2012   7  25  260.8121
2012   7  26  260.8346
2012   7  27  260.8462
2012   7  28  260.8304
2012   7  29  260.8508
2012   7  30  260.8533
2012   7  31  260.8596
2012   8   1  260.8883
2012   8   2  260.9171
2012   8   3  260.9337
2012   8   4  260.9692
2012   8   5  261.0042
2012   8   6  261.0333
2012   8   7  261.0733
2012   8   8  261.1063
2012   8   9  261.1092
2012   8  10  261.1354
2012   8  11  261.1571
2012   8  12  261.1896
2012   8  13  261.2242
2012   8  14  261.2421
2012   8  15  261.2513
2012   8  16  261.2533
2012   8  17  261.2642
2012   8  18  261.2658
2012   8  19  261.2850
2012   8  20  261.2863
2012   8  21  261.2829
2012   8  22  261.2825
2012   8  23  261.2654
2012   8  24  261.2667
2012   8  25  261.3883
2012   8  26  261.6633
2012   8  27  261.9654
2012   8  28  262.2858
2012   8  29  262.6621
2012   8  30  263.0996
2012   8  31  263.5192
2012   9   1  263.9104
2012   9   2  264.2633
2012   9   3  264.5667
2012   9   4  264.8458
2012   9   5  265.0567
2012   9   6  265.2471
2012   9   7  265.4208
2012   9   8  265.5613
2012   9   9  265.6596
2012   9  10  265.7433
2012   9  11  265.8000
2012   9  12  265.8358
2012   9  13  265.8654
2012   9  14  265.8729
2012   9  15  265.8562
2012   9  16  265.8158
2012   9  17  265.7671
2012   9  18  265.7379
2012   9  19  265.6821
2012   9  20  265.6271
2012   9  21  265.6004
2012   9  22  265.5483
2012   9  23  265.4871
2012   9  24  265.4225
2012   9  25  265.3383
2012   9  26  265.2667
2012   9  27  265.1854
2012   9  28  265.0896
2012   9  29  264.9750
2012   9  30  264.8696
2012  10   1  264.8063
2012  10   2  264.7100
2012  10   3  264.6467
2012  10   4  264.5700
2012  10   5  264.4892
2012  10   6  264.4087
2012  10   7  264.3379
2012  10   8  264.2500
2012  10   9  264.1683
2012  10  10  264.1042
2012  10  11  264.0275
2012  10  12  263.9408
2012  10  13  263.8575
2012  10  14  263.7813
2012  10  15  263.7212
2012  10  16  263.6554
2012  10  17  263.6075
2012  10  18  263.5333
2012  10  19  263.4579
2012  10  20  263.3842
2012  10  21  263.2942
2012  10  22  263.2196
2012  10  23  263.1438
2012  10  24  263.0521
2012  10  25  262.9938
2012  10  26  262.9258
2012  10  27  262.8375
2012  10  28  262.7750
2012  10  29  262.7113
2012  10  30  262.6279
2012  10  31  262.5313
2012  11   1  262.4417
2012  11   2  262.3604
2012  11   3  262.3117
2012  11   4  262.2596
2012  11   5  262.1787
2012  11   6  262.0875
2012  11   7  261.9938
2012  11   8  261.9375
2012  11   9  261.8775
2012  11  10  261.7979
2012  11  11  261.7167
2012  11  12  261.6433
2012  11  13  261.5813
2012  11  14  261.5000
2012  11  15  261.4217
2012  11  16  261.3592
2012  11  17  261.2892
2012  11  18  261.2117
2012  11  19  261.1646
2012  11  20  261.1088
2012  11  21  261.0604
2012  11  22  261.0087
2012  11  23  260.9413
2012  11  24  260.8458
2012  11  25  260.7900
2012  11  26  260.7321
2012  11  27  260.6354
2012  11  28  260.5850
2012  11  29  260.5275
2012  11  30  260.4571
2012  12   1  260.3954
2012  12   2  260.3500
2012  12   3  260.2754
2012  12   4  260.2004
2012  12   5  260.1379
2012  12   6  260.0633
2012  12   7  260.0154
2012  12   8  259.9687
2012  12   9  259.9113
2012  12  10  259.8492
2012  12  11  259.8121
2012  12  12  259.7700
2012  12  13  259.7179
2012  12  14  259.6833
2012  12  15  259.6504
2012  12  16  259.6067
2012  12  17  259.5588
2012  12  18  259.4992
2012  12  19  259.4329
2012  12  20  259.3942
2012  12  21  259.3608
2012  12  22  259.3087
2012  12  23  259.2396
2012  12  24  259.1754
2012  12  25  259.1379
2012  12  26  259.1046
2012  12  27  259.0617
2012  12  28  259.0125
2012  12  29  258.9738
2012  12  30  258.9054
2012  12  31  258.8217
2013   1   1  258.7713
2013   1   2  258.7325
2013   1   3  258.6825
2013   1   4  258.6367
2013   1   5  258.5871
2013   1   6  258.5400
2013   1   7  258.5058
2013   1   8  258.4529
2013   1   9  258.3875
2013   1  10  258.3154
2013   1  11  258.2654
2013   1  12  258.2337
2013   1  13  258.2000
2013   1  14  258.1275
2013   1  15  258.0783
2013   1  16  258.0258
2013   1  17  257.9679
2013   1  18  257.9058
2013   1  19  257.8804
2013   1  20  257.8463
2013   1  21  257.8133
2013   1  22  257.7917
2013   1  23  257.7604
2013   1  24  257.7271
2013   1  25  257.6812
2013   1  26  257.6596
2013   1  27  257.6192
2013   1  28  257.5925
2013   1  29  257.5721
2013   1  30  257.5463
2013   1  31  257.5217
2013   2   1  257.4862
2013   2   2  257.4692
2013   2   3  257.4508
2013   2   4  257.4325
2013   2   5  257.4167
2013   2   6  257.3954
2013   2   7  257.3721
2013   2   8  257.3317
2013   2   9  257.2942
2013   2  10  257.2825
2013   2  11  257.2521
2013   2  12  257.2300
2013   2  13  257.1887
2013   2  14  257.1663
2013   2  15  257.1488
2013   2  16  257.1033
2013   2  17  257.0817
2013   2  18  257.0600
2013   2  19  257.0342
2013   2  20  256.9996
2013   2  21  256.9775
2013   2  22  256.9583
2013   2  23  256.9187
2013   2  24  256.8921
2013   2  25  256.8846
2013   2  26  256.8650
2013   2  27  256.8558
2013   2  28  256.8329
2013   3   1  256.8133
2013   3   2  256.7717
2013   3   3  256.7362
2013   3   4  256.7004
2013   3   5  256.6904
2013   3   6  256.6796
2013   3   7  256.6642
2013   3   8  256.6496
2013   3   9  256.6308
2013   3  10  256.6150
2013   3  11  256.5946
2013   3  12  256.5717
2013   3  13  256.5683
2013   3  14  256.5892
2013   3  15  256.5667
2013   3  16  256.5508
2013   3  17  256.5375
2013   3  18  256.5104
2013   3  19  256.4829
2013   3  20  256.4663
2013   3  21  256.4346
2013   3  22  256.4179
2013   3  23  256.4017
2013   3  24  256.3879
2013   3  25  256.3646
2013   3  26  256.3513
2013   3  27  256.3304
2013   3  28  256.3067
2013   3  29  256.2992
2013   3  30  256.2912
2013   3  31  256.2779
2013   4   1  256.2692
2013   4   2  256.2421
2013   4   3  256.2371
2013   4   4  256.2296
2013   4   5  256.2188
2013   4   6  256.2017
2013   4   7  256.1863
2013   4   8  256.1737
2013   4   9  256.1542
2013   4  10  256.1446
2013   4  11  256.1338
2013   4  12  256.1217
2013   4  13  256.1121
2013   4  14  256.1029
2013   4  15  256.0762
2013   4  16  256.0721
2013   4  17  256.0679
2013   4  18  256.0571
2013   4  19  256.0558
2013   4  20  256.0629
2013   4  21  256.0638
2013   4  22  256.0650
2013   4  23  256.0642
2013   4  24  256.0654
2013   4  25  256.0696
2013   4  26  256.0642
2013   4  27  256.0742
2013   4  28  256.0729
2013   4  29  256.0646
2013   4  30  256.0592
2013   5   1  256.0617
2013   5   2  256.0700
2013   5   3  256.0654
2013   5   4  256.0463
2013   5   5  256.0492
2013   5   6  256.0533
2013   5   7  256.0554
2013   5   8  256.0538
2013   5   9  256.0508
2013   5  10  256.0488
2013   5  11  256.0288
2013   5  12  256.0342
2013   5  13  256.0404
2013   5  14  256.0392
2013   5  15  256.0267
2013   5  16  256.0425
2013   5  17  256.0654
2013   5  18  256.0850
2013   5  19  256.1017
2013   5  20  256.1158
2013   5  21  256.1325
2013   5  22  256.1550
2013   5  23  256.1787
2013   5  24  256.2054
2013   5  25  256.2283
2013   5  26  256.2558
2013   5  27  256.2875
2013   5  28  256.2992
2013   5  29  256.3254
2013   5  30  256.3633
2013   5  31  256.3888
2013   6   1  256.4125
2013   6   2  256.4467
2013   6   3  256.4833
2013   6   4  256.5183
2013   6   5  256.5483
2013   6   6  256.5821
2013   6   7  256.6146
2013   6   8  256.6417
2013   6   9  256.6621
2013   6  10  256.6788
2013   6  11  256.6912
2013   6  12  256.7033
2013   6  13  256.7163
2013   6  14  256.7337
2013   6  15  256.7683
2013   6  16  256.8175
2013   6  17  256.8688
2013   6  18  256.9158
2013   6  19  256.9604
2013   6  20  256.9946
2013   6  21  257.0246
2013   6  22  257.0513
2013   6  23  257.0771
2013   6  24  257.0992
2013   6  25  257.1217
2013   6  26  257.1392
2013   6  27  257.1554
2013   6  28  257.1679
2013   6  29  257.1812
2013   6  30  257.1958
2013   7   1  257.2029
2013   7   2  257.2142
2013   7   3  257.2229
2013   7   4  257.2283
2013   7   5  257.2204
2013   7   6  257.2092
2013   7   7  257.1971
2013   7   8  257.1950
2013   7   9  257.1937
2013   7  10  257.1896
2013   7  11  257.1767
2013   7  12  257.1821
2013   7  13  257.1679
2013   7  14  257.1496
2013   7  15  257.1546
2013   7  16  257.1596
2013   7  17  257.1846
2013   7  18  257.2204
2013   7  19  257.2588
2013   7  20  257.3013
2013   7  21  257.3521
2013   7  22  257.4000
2013   7  23  257.4513
2013   7  24  257.4946
2013   7  25  257.5325
2013   7  26  257.5712
2013   7  27  257.6037
2013   7  28  257.6379
2013   7  29  257.6629
2013   7  30  257.6879
2013   7  31  257.7063
2013   8   1  257.7267
2013   8   2  257.7496
2013   8   3  257.7700
2013   8   4  257.7908
2013   8   5  257.8067
2013   8   6  257.8204
2013   8   7  257.8317
2013   8   8  257.8438
2013   8   9  257.8517
2013   8  10  257.8542
2013   8  11  257.8454
2013   8  12  257.8563
2013   8  13  257.8562
2013   8  14  257.8612
2013   8  15  257.8696
2013   8  16  257.8733
2013   8  17  257.8650
2013   8  18  257.8588
2013   8  19  257.8588
2013   8  20  257.8575
2013   8  21  257.8650
2013   8  22  257.8442
2013   8  23  257.8296
2013   8  24  257.8304
2013   8  25  257.8304
2013   8  26  257.8221
2013   8  27  257.8375
2013   8  28  257.8579
2013   8  29  257.8737
2013   8  30  257.8808
2013   8  31  257.8921
2013   9   1  257.9121
2013   9   2  257.9421
2013   9   3  257.9787
2013   9   4  258.0212
2013   9   5  258.0571
2013   9   6  258.0958
2013   9   7  258.1450
2013   9   8  258.1800
2013   9   9  258.2167
2013   9  10  258.2550
2013   9  11  258.2829
2013   9  12  258.2887
2013   9  13  258.3233
2013   9  14  258.3508
2013   9  15  258.3746
2013   9  16  258.3967
2013   9  17  258.4000
2013   9  18  258.4137
2013   9  19  258.4379
2013   9  20  258.4600
2013   9  21  258.5008
2013   9  22  258.6746
2013   9  23  259.0688
2013   9  24  259.6662
2013   9  25  260.3338
2013   9  26  260.9817
2013   9  27  261.5663
2013   9  28  262.0667
2013   9  29  262.4904
2013   9  30  262.8496
2013  10   1  263.1442
2013  10   2  263.4042
2013  10   3  263.6108
2013  10   4  263.7942
2013  10   5  263.9587
2013  10   6  264.1108
2013  10   7  264.2075
2013  10   8  264.2746
2013  10   9  264.3246
2013  10  10  264.3629
2013  10  11  264.3962
2013  10  12  264.4054
2013  10  13  264.4021
2013  10  14  264.3733
2013  10  15  264.3479
2013  10  16  264.3029
2013  10  17  264.2696
2013  10  18  264.2317
2013  10  19  264.1871
2013  10  20  264.1408
2013  10  21  264.0908
2013  10  22  264.0333
2013  10  23  263.9821
2013  10  24  263.9246
2013  10  25  263.8438
2013  10  26  263.7546
2013  10  27  263.6850
2013  10  28  263.6179
2013  10  29  263.5625
2013  10  30  263.4942
2013  10  31  263.4129
2013  11   1  263.3467
2013  11   2  263.2733
2013  11   3  263.2129
2013  11   4  263.1475
2013  11   5  263.0883
2013  11   6  263.0304
2013  11   7  262.9642
2013  11   8  262.8946
2013  11   9  262.8221
2013  11  10  262.7533
2013  11  11  262.6804
2013  11  12  262.6125
2013  11  13  262.5450
2013  11  14  262.4737
2013  11  15  262.3988
2013  11  16  262.3250
2013  11  17  262.2521
2013  11  18  262.1762
2013  11  19  262.1017
2013  11  20  262.0287
2013  11  21  261.9571
2013  11  22  261.8825
2013  11  23  261.8087
2013  11  24  261.7404
2013  11  25  261.6629
2013  11  26  261.5775
2013  11  27  261.5038
2013  11  28  261.4196
2013  11  29  261.3433
2013  11  30  261.2700
2013  12   1  261.1950
2013  12   2  261.1229
2013  12   3  261.0513
2013  12   4  260.9767
2013  12   5  260.8996
2013  12   6  260.8246
2013  12   7  260.7450
2013  12   8  260.6708
2013  12   9  260.5979
2013  12  10  260.5137
2013  12  11  260.4375
2013  12  12  260.3617
2013  12  13  260.2846
2013  12  14  260.2096
2013  12  15  260.1421
2013  12  16  260.0783
2013  12  17  260.0108
2013  12  18  259.9379
2013  12  19  259.8662
2013  12  20  259.7988
2013  12  21  259.7371
2013  12  22  259.6725
2013  12  23  259.6100
2013  12  24  259.5425
2013  12  25  259.4821
2013  12  26  259.4188
2013  12  27  259.3479
2013  12  28  259.2825
2013  12  29  259.2183
2013  12  30  259.1550
2013  12  31  259.0917
2014   1   1  259.0154
2014   1   2  258.9429
2014   1   3  258.8779
2014   1   4  258.8117
2014   1   5  258.7475
2014   1   6  258.6862
2014   1   7  258.6275
2014   1   8  258.5679
2014   1   9  258.4942
2014   1  10  258.4387
2014   1  11  258.3758
2014   1  12  258.3283
2014   1  13  258.2712
2014   1  14  258.2192
2014   1  15  258.1538
2014   1  16  258.1083
2014   1  17  258.0546
2014   1  18  258.0029
2014   1  19  257.9600
2014   1  20  257.9146
2014   1  21  257.8700
2014   1  22  257.8271
2014   1  23  257.7808
2014   1  24  257.7396
2014   1  25  257.6983
2014   1  26  257.6575
2014   1  27  257.6171
2014   1  28  257.5758
2014   1  29  257.5313
2014   1  30  257.4904
2014   1  31  257.4500
2014   2   1  257.4133
2014   2   2  257.3762
2014   2   3  257.3450
2014   2   4  257.3196
2014   2   5  257.2975
2014   2   6  257.2704
2014   2   7  257.2383
2014   2   8  257.2150
2014   2   9  257.1946
2014   2  10  257.1650
2014   2  11  257.1367
2014   2  12  257.1129
2014   2  13  257.0808
2014   2  14  257.0546
2014   2  15  257.0204
2014   2  16  256.9912
2014   2  17  256.9617
2014   2  18  256.9371
2014   2  19  256.8954
2014   2  20  256.8696
2014   2  21  256.8458
2014   2  22  256.8183
2014   2  23  256.7896
2014   2  24  256.7667
2014   2  25  256.7412
2014   2  26  256.7121
2014   2  27  256.6904
2014   2  28  256.6725
2014   3   1  256.6458
2014   3   2  256.6296
2014   3   3  256.6113
2014   3   4  256.5900
2014   3   5  256.5754
2014   3   6  256.5592
2014   3   7  256.5329
2014   3   8  256.5254
2014   3   9  256.5079
2014   3  10  256.4883
2014   3  11  256.4700
2014   3  12  256.4654
2014   3  13  256.4467
2014   3  14  256.4292
2014   3  15  256.4013
2014   3  16  256.3858
2014   3  17  256.3746
2014   3  18  256.3563
2014   3  19  256.3454
2014   3  20  256.3317
2014   3  21  256.3088
2014   3  22  256.3038
2014   3  23  256.2813
2014   3  24  256.2700
2014   3  25  256.2596
2014   3  26  256.2467
2014   3  27  256.2258
2014   3  28  256.2192
2014   3  29  256.2138
2014   3  30  256.2025
2014   3  31  256.1929
2014   4   1  256.1987
2014   4   2  256.1937
2014   4   3  256.1950
2014   4   4  256.1904
2014   4   5  256.1883
2014   4   6  256.1708
2014   4   7  256.1692
2014   4   8  256.1633
2014   4   9  256.1567
2014   4  10  256.1404
2014   4  11  256.1379
2014   4  12  256.1346
2014   4  13  256.1279
2014   4  14  256.1121
2014   4  15  256.0992
2014   4  16  256.1029
2014   4  17  256.0863
2014   4  18  256.0817
2014   4  19  256.0758
2014   4  20  256.0692
2014   4  21  256.0700
2014   4  22  256.0746
2014   4  23  256.0687
2014   4  24  256.0742
2014   4  25  256.0696
2014   4  26  256.0563
2014   4  27  256.0617
2014   4  28  256.0500
2014   4  29  256.0450
2014   4  30  256.0500
2014   5   1  256.0483
2014   5   2  256.0483
2014   5   3  256.0479
2014   5   4  256.0500
2014   5   5  256.0471
2014   5   6  256.0442
2014   5   7  256.0279
2014   5   8  256.0158
2014   5   9  256.0179
2014   5  10  256.0146
2014   5  11  256.0046
2014   5  12  255.9917
2014   5  13  255.9733
2014   5  14  255.9733
2014   5  15  255.9521
2014   5  16  255.9338
2014   5  17  255.9350
2014   5  18  255.9204
2014   5  19  255.9262
2014   5  20  255.9475
2014   5  21  255.9621
2014   5  22  255.9771
2014   5  23  255.9775
2014   5  24  255.9750
2014   5  25  255.9912
2014   5  26  256.0108
2014   5  27  256.0113
2014   5  28  256.0212
2014   5  29  256.0433
2014   5  30  256.0625
2014   5  31  256.0813
2014   6   1  256.1033
2014   6   2  256.1304
2014   6   3  256.1504
2014   6   4  256.1933
2014   6   5  256.2279
2014   6   6  256.2467
2014   6   7  256.2875
2014   6   8  256.3267
2014   6   9  256.3629
2014   6  10  256.4033
2014   6  11  256.4392
2014   6  12  256.4762
2014   6  13  256.5117
2014   6  14  256.5517
2014   6  15  256.5967
2014   6  16  256.6508
2014   6  17  256.7167
2014   6  18  256.7854
2014   6  19  256.8596
2014   6  20  256.9312
2014   6  21  256.9971
2014   6  22  257.0663
2014   6  23  257.1279
2014   6  24  257.1837
2014   6  25  257.2404
2014   6  26  257.2917
2014   6  27  257.3346
2014   6  28  257.3729
2014   6  29  257.4046
2014   6  30  257.4292
2014   7   1  257.4525
2014   7   2  257.4750
2014   7   3  257.4992
2014   7   4  257.5133
2014   7   5  257.5217
2014   7   6  257.5263
2014   7   7  257.5254
2014   7   8  257.5138
2014   7   9  257.4779
2014   7  10  257.4442
2014   7  11  257.4204
2014   7  12  257.4108
2014   7  13  257.3913
2014   7  14  257.3696
2014   7  15  257.3504
2014   7  16  257.3271
2014   7  17  257.3075
2014   7  18  257.2850
2014   7  19  257.2683
2014   7  20  257.2529
2014   7  21  257.2396
2014   7  22  257.2496
2014   7  23  257.2708
2014   7  24  257.3504
2014   7  25  257.4617
2014   7  26  257.5992
2014   7  27  257.7617
2014   7  28  257.9233
2014   7  29  258.0804
2014   7  30  258.2383
2014   7  31  258.3796
2014   8   1  258.5163
2014   8   2  258.6404
2014   8   3  258.7513
2014   8   4  258.8642
2014   8   5  258.9625
2014   8   6  259.0596
2014   8   7  259.1450
2014   8   8  259.2196
2014   8   9  259.3017
2014   8  10  259.3688
2014   8  11  259.4471
2014   8  12  259.5238
2014   8  13  259.6000
2014   8  14  259.6712
2014   8  15  259.7538
2014   8  16  259.8492
2014   8  17  259.9408
2014   8  18  260.0208
2014   8  19  260.1100
2014   8  20  260.1950
2014   8  21  260.2567
2014   8  22  260.3271
2014   8  23  260.3883
2014   8  24  260.4317
2014   8  25  260.4687
2014   8  26  260.5104
2014   8  27  260.5408
2014   8  28  260.5533
2014   8  29  260.5817
2014   8  30  260.6008
2014   8  31  260.6033
2014   9   1  260.6121
2014   9   2  260.6192
2014   9   3  260.6242
2014   9   4  260.6108
2014   9   5  260.6121
2014   9   6  260.5958
2014   9   7  260.5804
2014   9   8  260.5692
2014   9   9  260.5700
2014   9  10  260.5725
2014   9  11  260.5667
2014   9  12  260.5533
2014   9  13  260.5567
2014   9  14  260.5567
2014   9  15  260.5450
2014   9  16  260.5171
2014   9  17  260.4788
2014   9  18  260.4763
2014   9  19  260.4721
2014   9  20  260.4683
2014   9  21  260.4896
2014   9  22  260.5596
2014   9  23  260.7100
2014   9  24  260.9067
2014   9  25  261.1408
2014   9  26  261.3737
2014   9  27  261.5838
2014   9  28  261.7688
2014   9  29  261.9296
2014   9  30  262.0563
2014  10   1  262.1775
2014  10   2  262.2975
2014  10   3  262.4087
2014  10   4  262.5138
2014  10   5  262.5942
2014  10   6  262.6533
2014  10   7  262.7133
2014  10   8  262.7479
2014  10   9  262.7688
2014  10  10  262.8004
2014  10  11  262.8212
2014  10  12  262.8213
2014  10  13  262.7946
2014  10  14  262.7871
2014  10  15  262.7883
2014  10  16  262.7667
2014  10  17  262.7271
2014  10  18  262.6967
2014  10  19  262.6737
2014  10  20  262.6567
2014  10  21  262.6154
2014  10  22  262.5612
2014  10  23  262.5200
2014  10  24  262.4883
2014  10  25  262.4417
2014  10  26  262.3867
2014  10  27  262.3304
2014  10  28  262.2971
2014  10  29  262.2550
2014  10  30  262.2046
2014  10  31  262.1471
2014  11   1  262.0971
2014  11   2  262.0463
2014  11   3  261.9871
2014  11   4  261.9321
2014  11   5  261.8658
2014  11   6  261.8000
2014  11   7  261.7533
2014  11   8  261.7004
2014  11   9  261.6442
2014  11  10  261.5758
2014  11  11  261.5096
2014  11  12  261.4542
2014  11  13  261.4013
2014  11  14  261.3487
2014  11  15  261.2917
2014  11  16  261.2383
2014  11  17  261.1754
2014  11  18  261.1071
2014  11  19  261.0458
2014  11  20  260.9837
2014  11  21  260.9221
2014  11  22  260.8571
2014  11  23  260.7883
2014  11  24  260.7254
2014  11  25  260.6587
2014  11  26  260.5875
2014  11  27  260.5217
2014  11  28  260.4579
2014  11  29  260.3967
2014  11  30  260.3350
2014  12   1  260.2667
2014  12   2  260.1987
2014  12   3  260.1350
2014  12   4  260.0658
2014  12   5  259.9937
2014  12   6  259.9267
2014  12   7  259.8596
2014  12   8  259.7887
2014  12   9  259.7167
2014  12  10  259.6500
2014  12  11  259.5779
2014  12  12  259.5000
2014  12  13  259.4271
2014  12  14  259.3575
2014  12  15  259.2929
2014  12  16  259.2179
2014  12  17  259.1442
2014  12  18  259.0763
2014  12  19  259.0137
2014  12  20  258.9454
2014  12  21  258.8754
2014  12  22  258.8058
2014  12  23  258.7412
2014  12  24  258.6729
2014  12  25  258.6083
2014  12  26  258.5400
2014  12  27  258.4762
2014  12  28  258.4121
2014  12  29  258.3475
2014  12  30  258.2821
2014  12  31  258.2146
2015   1   1  258.1450
2015   1   2  258.0829
2015   1   3  258.0204
2015   1   4  257.9596
2015   1   5  257.8967
2015   1   6  257.8354
2015   1   7  257.7712
2015   1   8  257.7154
2015   1   9  257.6617
2015   1  10  257.6046
2015   1  11  257.5383
2015   1  12  257.4758
2015   1  13  257.4217
2015   1  14  257.3771
2015   1  15  257.3263
2015   1  16  257.2717
2015   1  17  257.2221
2015   1  18  257.1775
2015   1  19  257.1354
2015   1  20  257.0846
2015   1  21  257.0408
2015   1  22  256.9925
2015   1  23  256.9562
2015   1  24  256.9162
2015   1  25  256.8771
2015   1  26  256.8367
2015   1  27  256.8042
2015   1  28  256.7742
2015   1  29  256.7417
2015   1  30  256.7083
2015   1  31  256.6825
2015   2   1  256.6550
2015   2   2  256.6262
2015   2   3  256.6042
2015   2   4  256.5808
2015   2   5  256.5529
2015   2   6  256.5208
2015   2   7  256.4992
2015   2   8  256.4612
2015   2   9  256.4392
2015   2  10  256.4067
2015   2  11  256.3812
2015   2  12  256.3504
2015   2  13  256.3217
2015   2  14  256.2887
2015   2  15  256.2579
2015   2  16  256.2217
2015   2  17  256.1792
2015   2  18  256.1396
2015   2  19  256.1004
2015   2  20  256.0717
2015   2  21  256.0362
2015   2  22  256.0117
2015   2  23  255.9821
2015   2  24  255.9587
2015   2  25  255.9333
2015   2  26  255.9096
2015   2  27  255.8887
2015   2  28  255.8625
2015   3   1  255.8383
2015   3   2  255.8242
2015   3   3  255.7958
2015   3   4  255.7746
2015   3   5  255.7496
2015   3   6  255.7292
2015   3   7  255.7050
2015   3   8  255.6833
2015   3   9  255.6563
2015   3  10  255.6379
2015   3  11  255.6158
2015   3  12  255.6021
2015   3  13  255.5796
2015   3  14  255.5638
2015   3  15  255.5412
2015   3  16  255.5271
2015   3  17  255.5121
2015   3  18  255.4904
2015   3  19  255.4779
2015   3  20  255.4525
2015   3  21  255.4325
2015   3  22  255.4171
2015   3  23  255.4075
2015   3  24  255.3921
2015   3  25  255.3783
2015   3  26  255.3521
2015   3  27  255.3433
2015   3  28  255.3233
2015   3  29  255.3079
2015   3  30  255.2954
2015   3  31  255.2775
2015   4   1  255.2629
2015   4   2  255.2467
2015   4   3  255.2288
2015   4   4  255.2121
2015   4   5  255.1937
2015   4   6  255.1842
2015   4   7  255.1754
2015   4   8  255.1579
2015   4   9  255.1546
2015   4  10  255.1471
2015   4  11  255.1458
2015   4  12  255.1429
2015   4  13  255.1383
2015   4  14  255.1283
2015   4  15  255.1208
2015   4  16  255.1079
2015   4  17  255.0787
2015   4  18  255.0717
2015   4  19  255.0625
2015   4  20  255.0517
2015   4  21  255.0313
2015   4  22  255.0150
2015   4  23  255.0071
2015   4  24  254.9912
2015   4  25  254.9813
2015   4  26  254.9679
2015   4  27  254.9446
2015   4  28  254.9350
2015   4  29  254.9313
2015   4  30  254.9129
2015   5   1  254.9067
2015   5   2  254.9008
2015   5   3  254.8796
2015   5   4  254.8592
2015   5   5  254.8588
2015   5   6  254.8442
2015   5   7  254.8213
2015   5   8  254.8188
2015   5   9  254.8033
2015   5  10  254.7958
2015   5  11  254.8054
2015   5  12  254.8096
2015   5  13  254.8200
2015   5  14  254.8000
2015   5  15  254.7988
2015   5  16  254.7879
2015   5  17  254.7688
2015   5  18  254.7733
2015   5  19  254.7571
2015   5  20  254.7458
2015   5  21  254.7513
2015   5  22  254.7542
2015   5  23  254.7538
2015   5  24  254.7600
2015   5  25  254.7679
2015   5  26  254.7896
2015   5  27  254.8354
2015   5  28  254.8958
2015   5  29  254.9637
2015   5  30  255.0342
2015   5  31  255.0958
2015   6   1  255.1908
2015   6   2  255.2742
2015   6   3  255.3612
2015   6   4  255.4658
2015   6   5  255.5617
2015   6   6  255.6292
2015   6   7  255.7092
2015   6   8  255.7933
2015   6   9  255.8600
2015   6  10  255.9012
2015   6  11  255.9512
2015   6  12  256.0158
2015   6  13  256.0779
2015   6  14  256.1317
2015   6  15  256.1808
2015   6  16  256.2262
2015   6  17  256.2721
2015   6  18  256.3125
2015   6  19  256.3438
2015   6  20  256.3738
2015   6  21  256.4050
2015   6  22  256.4417
2015   6  23  256.4742
2015   6  24  256.5054
2015   6  25  256.5346
2015   6  26  256.5583
2015   6  27  256.5767
2015   6  28  256.5933
2015   6  29  256.6062
2015   6  30  256.6179
2015   7   1  256.6233
2015   7   2  256.6175
2015   7   3  256.6046
2015   7   4  256.5904
2015   7   5  256.5742
2015   7   6  256.5621
2015   7   7  256.5450
2015   7   8  256.5267
2015   7   9  256.5179
2015   7  10  256.5292
2015   7  11  256.5379
2015   7  12  256.5442
2015   7  13  256.5671
2015   7  14  256.6150
2015   7  15  256.6654
2015   7  16  256.7287
2015   7  17  256.7996
2015   7  18  256.8837
2015   7  19  256.9646
2015   7  20  257.0487
2015   7  21  257.1271
2015   7  22  257.2125
2015   7  23  257.2829
2015   7  24  257.3550
2015   7  25  257.4229
2015   7  26  257.4658
2015   7  27  257.5217
2015   7  28  257.5692
2015   7  29  257.6100
2015   7  30  257.6525
2015   7  31  257.6922
2015   8   1  257.7154
2015   8   2  257.7475
2015   8   3  257.7708
2015   8   4  257.7883
2015   8   5  257.8063
2015   8   6  257.8275
2015   8   7  257.8596
2015   8   8  257.8746
2015   8   9  257.8746
2015   8  10  257.9192
2015   8  11  257.9621
2015   8  12  258.0162
2015   8  13  258.0813
2015   8  14  258.1608
2015   8  15  258.2304
2015   8  16  258.3054
2015   8  17  258.3675
2015   8  18  258.4333
2015   8  19  258.4854
2015   8  20  258.5450
2015   8  21  258.5996
2015   8  22  258.6517
2015   8  23  258.7021
2015   8  24  258.7396
2015   8  25  258.7879
2015   8  26  258.8338
2015   8  27  258.8788
2015   8  28  258.9296
2015   8  29  258.9729
2015   8  30  259.0029
2015   8  31  259.0358
2015   9   1  259.0612
2015   9   2  259.0762
2015   9   3  259.0888
2015   9   4  259.1137
2015   9   5  259.1371
2015   9   6  259.1658
2015   9   7  259.1846
2015   9   8  259.2096
2015   9   9  259.2396
2015   9  10  259.2550
2015   9  11  259.2904
2015   9  12  259.3125
2015   9  13  259.3254
2015   9  14  259.3379
2015   9  15  259.3562
2015   9  16  259.3692
2015   9  17  259.3788
2015   9  18  259.3933
2015   9  19  259.3933
2015   9  20  259.4137
2015   9  21  259.4054
2015   9  22  259.4083
2015   9  23  259.4313
2015   9  24  259.4446
2015   9  25  259.4508
2015   9  26  259.4517
2015   9  27  259.4558
2015   9  28  259.4721
2015   9  29  259.4079
2015   9  30  259.4092
2015  10   1  259.4192
2015  10   2  259.4275
2015  10   3  259.4379
2015  10   4  259.4375
2015  10   5  259.4683
2015  10   6  259.4837
2015  10   7  259.5167
2015  10   8  259.5517
2015  10   9  259.5642
2015  10  10  259.5846
2015  10  11  259.5904
2015  10  12  259.5938
2015  10  13  259.5938
2015  10  14  259.6050
2015  10  15  259.5983
2015  10  16  259.5792
2015  10  17  259.5762
2015  10  18  259.5796
2015  10  19  259.5854
2015  10  20  259.5846
2015  10  21  259.5771
2015  10  22  259.5713
2015  10  23  259.5554
2015  10  24  259.5325
2015  10  25  259.5108
2015  10  26  259.5079
2015  10  27  259.4900
2015  10  28  259.4571
2015  10  29  259.4542
2015  10  30  259.4392
2015  10  31  259.4171
2015  11   1  259.4087
2015  11   2  259.4004
2015  11   3  259.3871
2015  11   4  259.3779
2015  11   5  259.3671
2015  11   6  259.3521
2015  11   7  259.3342
2015  11   8  259.3183
2015  11   9  259.2996
2015  11  10  259.2775
2015  11  11  259.2554
2015  11  12  259.2367
2015  11  13  259.2188
2015  11  14  259.1946
2015  11  15  259.1675
2015  11  16  259.1442
2015  11  17  259.1179
2015  11  18  259.0879
2015  11  19  259.0558
2015  11  20  259.0270
2015  11  21  258.9992
2015  11  22  258.9767
2015  11  23  258.9542
2015  11  24  258.9321
2015  11  25  258.9096
2015  11  26  258.8771
2015  11  27  258.8467
2015  11  28  258.8213
2015  11  29  258.7946
2015  11  30  258.7650
2015  12   1  258.7296
2015  12   2  258.6983
2015  12   3  258.6496
2015  12   4  258.6096
2015  12   5  258.5733
2015  12   6  258.5346
2015  12   7  258.4867
2015  12   8  258.4442
2015  12   9  258.4096
2015  12  10  258.3713
2015  12  11  258.3254
2015  12  12  258.2921
2015  12  13  258.2613
2015  12  14  258.2330
2015  12  15  258.1986
2015  12  16  258.1671
2015  12  17  258.1325
2015  12  18  258.1025
2015  12  19  258.0738
2015  12  20  258.0454
2015  12  21  258.0163
2015  12  22  257.9937
2015  12  23  257.9750
2015  12  24  257.9562
2015  12  25  257.9329
2015  12  26  257.9137
2015  12  27  257.8950
2015  12  28  257.8746
2015  12  29  257.8617
2015  12  30  257.8462
2015  12  31  257.8238
2016   1   1  257.8013
2016   1   2  257.7754
2016   1   3  257.7475
2016   1   4  257.7204
2016   1   5  257.6979
2016   1   6  257.6787
2016   1   7  257.6696
2016   1   8  257.6687
2016   1   9  257.6562
2016   1  10  257.6513
2016   1  11  257.6417
2016   1  12  257.6279
2016   1  13  257.6117
2016   1  14  257.6050
2016   1  15  256.6779
2016   1  16  255.8967
2016   1  17  255.8900
2016   1  18  255.8721
2016   1  19  255.8704
2016   1  20  255.8783
2016   1  21  255.8867
2016   1  22  255.8904
2016   1  23  255.8854
2016   1  24  255.8896
2016   1  25  255.9017
2016   1  26  255.9192
2016   1  27  255.9358
2016   1  28  255.9608
2016   1  29  255.9792
2016   1  30  255.9908
2016   1  31  256.0096
2016   2   1  256.0252
2016   2   2  256.0413
2016   2   3  256.0521
2016   2   4  256.0683
2016   2   5  256.0804
2016   2   6  256.0875
2016   2   7  256.0892
2016   2   8  256.1050
2016   2   9  256.1054
2016   2  10  256.1192
2016   2  11  256.1354
2016   2  12  256.1429
2016   2  13  256.1430
2016   2  14  256.1404
2016   2  15  256.1350
2016   2  16  256.1508
2016   2  17  256.1683
2016   2  18  256.1575
2016   2  19  256.1550
2016   2  20  256.1304
2016   2  21  256.1196
2016   2  22  256.1021
2016   2  23  256.0929
2016   2  24  256.0667
2016   2  25  256.0508
2016   2  26  256.0354
2016   2  27  256.0275
2016   2  28  255.9996
2016   2  29  255.9829
2016   3   1  255.9717
2016   3   2  255.9512
2016   3   3  255.9400
2016   3   4  255.9250
2016   3   5  255.9017
2016   3   6  255.8892
2016   3   7  255.8704
2016   3   8  255.8662
2016   3   9  255.8496
2016   3  10  255.8267
2016   3  11  255.8221
2016   3  12  255.8171
2016   3  13  255.8192
2016   3  14  255.8042
2016   3  15  255.8004
2016   3  16  255.7971
2016   3  17  255.8013
2016   3  18  255.8192
2016   3  19  255.8233
2016   3  20  255.8262
2016   3  21  255.8463
2016   3  22  255.8783
2016   3  23  255.9083
2016   3  24  255.9217
2016   3  25  255.9512
2016   3  26  255.9733
2016   3  27  255.9996
2016   3  28  256.0275
2016   3  29  256.0554
2016   3  30  256.0763
2016   3  31  256.1054
2016   4   1  256.1213
2016   4   2  256.1496
2016   4   3  256.1683
2016   4   4  256.2058
2016   4   5  256.2300
2016   4   6  256.2650
2016   4   7  256.3013
2016   4   8  256.3192
2016   4   9  256.3533
2016   4  10  256.3788
2016   4  11  256.4062
2016   4  12  256.4404
2016   4  13  256.4733
2016   4  14  256.4917
2016   4  15  256.5212
2016   4  16  256.5563
2016   4  17  256.5796
2016   4  18  256.6100
2016   4  19  256.6329
2016   4  20  256.6688
2016   4  21  256.6846
2016   4  22  256.7008
2016   4  23  256.7117
2016   4  24  256.7312
2016   4  25  256.7442
2016   4  26  256.7608
2016   4  27  256.7862
2016   4  28  256.7942
2016   4  29  256.8008
2016   4  30  256.8021
2016   5   1  256.8088
2016   5   2  256.8225
2016   5   3  256.8146
2016   5   4  256.7958
2016   5   5  256.7967
2016   5   6  256.7913
2016   5   7  256.7754
2016   5   8  256.7617
2016   5   9  256.7675
2016   5  10  256.7654
2016   5  11  256.7721
2016   5  12  256.7842
2016   5  13  256.7800
2016   5  14  256.7583
2016   5  15  256.7646
2016   5  16  256.7533
2016   5  17  256.7563
2016   5  18  256.7487
2016   5  19  256.7471
2016   5  20  256.7508
2016   5  21  256.7487
2016   5  22  256.7558
2016   5  23  256.7563
2016   5  24  256.7596
2016   5  25  256.7608
2016   5  26  256.7629
2016   5  27  256.7442
2016   5  28  256.7512
2016   5  29  256.7513
2016   5  30  256.7550
2016   5  31  256.7554
2016   6   1  256.7358
2016   6   2  256.7292
2016   6   3  256.7329
2016   6   4  256.7092
2016   6   5  256.7046
2016   6   6  256.7292
2016   6   7  256.7454
2016   6   8  256.7567
2016   6   9  256.7575
2016   6  10  256.7567
2016   6  11  256.7571
2016   6  12  256.7658
2016   6  13  256.7733
2016   6  14  256.7800
2016   6  15  256.7983
2016   6  16  256.8167
2016   6  17  256.8304
2016   6  18  256.8471
2016   6  19  256.8687
2016   6  20  256.8917
2016   6  21  256.9146
2016   6  22  256.9375
2016   6  23  256.9575
2016   6  24  256.9742
2016   6  25  256.9862
2016   6  26  256.9988
2016   6  27  257.0121
2016   6  28  257.0163
2016   6  29  257.0200
2016   6  30  257.0217
2016   7   1  257.0238
2016   7   2  257.0146
2016   7   3  257.0017
2016   7   4  256.9850
2016   7   5  256.9471
2016   7   6  256.9250
2016   7   7  256.9046
2016   7   8  256.9458
2016   7   9  257.0608
2016   7  10  257.2629
2016   7  11  257.5192
2016   7  12  257.8075
2016   7  13  258.0908
2016   7  14  258.3571
2016   7  15  258.5996
2016   7  16  258.7979
2016   7  17  258.9696
2016   7  18  259.1304
2016   7  19  259.2663
2016   7  20  259.3883
2016   7  21  259.4925
2016   7  22  259.5867
2016   7  23  259.6658
2016   7  24  259.7254
2016   7  25  259.7792
2016   7  26  259.8354
2016   7  27  259.8717
2016   7  28  259.9142
2016   7  29  259.9446
2016   7  30  259.9642
2016   7  31  259.9767
2016   8   1  260.0029
2016   8   2  260.0658
2016   8   3  260.1879
2016   8   4  260.3500
2016   8   5  260.5312
2016   8   6  260.7000
2016   8   7  260.8579
2016   8   8  260.9833
2016   8   9  261.0912
2016   8  10  261.1704
2016   8  11  261.2458
2016   8  12  261.3013
2016   8  13  261.3521
2016   8  14  261.3933
2016   8  15  261.4233
2016   8  16  261.4542
2016   8  17  261.5046
2016   8  18  261.5167
2016   8  19  261.5138
2016   8  20  261.5200
2016   8  21  261.5246
2016   8  22  261.5267
2016   8  23  261.5262
2016   8  24  261.5300
2016   8  25  261.5267
2016   8  26  261.5188
2016   8  27  261.4854
2016   8  28  261.4692
2016   8  29  261.4562
2016   8  30  261.4400
2016   8  31  261.4246
2016   9   1  261.4063
2016   9   2  261.3713
2016   9   3  261.3433
2016   9   4  261.3183
2016   9   5  261.2883
2016   9   6  261.2546
2016   9   7  261.2208
2016   9   8  261.1775
2016   9   9  261.1454
2016   9  10  261.1138
2016   9  11  261.0821
2016   9  12  261.0512
2016   9  13  261.0246
2016   9  14  261.0400
2016   9  15  261.2763
2016   9  16  262.0167
2016   9  17  263.0175
2016   9  18  263.8996
2016   9  19  264.6637
2016   9  20  265.2850
2016   9  21  265.7871
2016   9  22  266.1871
2016   9  23  266.4942
2016   9  24  266.7246
2016   9  25  266.8842
2016   9  26  267.0012
2016   9  27  267.1096
2016   9  28  267.0858
2016   9  29  267.2250
2016   9  30  267.4362
2016  10   1  267.6442
2016  10   2  267.8525
2016  10   3  268.0375
2016  10   4  268.1792
2016  10   5  268.2892
2016  10   6  268.3658
2016  10   7  268.4567
2016  10   8  268.8592
2016  10   9  269.6058
2016  10  10  270.4412
2016  10  11  271.1383
2016  10  12  271.5329
2016  10  13  271.7229
2016  10  14  271.7887
2016  10  15  271.7617
2016  10  16  271.6767
2016  10  17  271.5550
2016  10  18  271.4108
2016  10  19  271.2525
2016  10  20  271.0813
2016  10  21  270.9617
2016  10  22  270.9317
2016  10  23  270.8838
2016  10  24  270.7938
2016  10  25  270.6854
2016  10  26  270.5537
2016  10  27  270.4058
2016  10  28  270.2425
2016  10  29  270.0858
2016  10  30  269.9254
2016  10  31  269.7621
2016  11   1  269.6192
2016  11   2  269.4308
2016  11   3  269.2421
2016  11   4  269.0512
2016  11   5  268.8567
2016  11   6  268.6596
2016  11   7  268.4721
2016  11   8  268.2825
2016  11   9  268.0925
2016  11  10  267.9125
2016  11  11  267.7242
2016  11  12  267.5425
2016  11  13  267.3667
2016  11  14  267.1971
2016  11  15  267.0250
2016  11  16  266.8596
2016  11  17  266.6992
2016  11  18  266.5458
2016  11  19  266.3950
2016  11  20  266.2467
2016  11  21  266.1038
2016  11  22  265.9542
2016  11  23  265.8067
2016  11  24  265.6046
2016  11  25  265.4129
2016  11  26  265.2721
2016  11  27  265.1325
2016  11  28  265.0067
2016  11  29  264.8896
2016  11  30  264.7713
2016  12   1  264.6475
2016  12   2  264.5292
2016  12   3  264.4171
2016  12   4  264.3096
2016  12   5  264.2000
2016  12   6  264.0896
2016  12   7  263.9946
2016  12   8  263.9025
2016  12   9  263.7983
2016  12  10  263.6971
2016  12  11  263.5983
2016  12  12  263.5046
2016  12  13  263.4096
2016  12  14  263.3092
2016  12  15  263.2071
2016  12  16  263.1133
2016  12  17  263.0200
2016  12  18  262.9308
2016  12  19  262.8417
2016  12  20  262.7462
2016  12  21  262.6550
2016  12  22  262.5633
2016  12  23  262.4642
2016  12  24  262.3767
2016  12  25  262.2904
2016  12  26  262.2050
2016  12  27  262.1142
2016  12  28  262.0225
2016  12  29  261.9312
2016  12  30  261.8408
2016  12  31  261.7550
2017   1   1  261.6546
2017   1   2  261.5700
2017   1   3  261.4837
2017   1   4  261.3950
2017   1   5  261.3050
2017   1   6  261.2175
2017   1   7  261.1204
2017   1   8  261.0304
2017   1   9  260.9362
2017   1  10  260.8467
2017   1  11  260.7758
2017   1  12  260.7058
2017   1  13  260.6333
2017   1  14  260.5608
2017   1  15  260.4925
2017   1  16  260.4200
2017   1  17  260.3508
2017   1  18  260.2854
2017   1  19  260.2342
2017   1  20  260.1712
2017   1  21  260.1058
2017   1  22  260.0325
2017   1  23  259.9725
2017   1  24  259.9042
2017   1  25  259.8358
2017   1  26  259.7687
2017   1  27  259.6942
2017   1  28  259.6300
2017   1  29  259.5629
2017   1  30  259.5042
2017   1  31  259.4413
2017   2   1  259.3900
2017   2   2  259.3354
2017   2   3  259.2725
2017   2   4  259.2292
2017   2   5  259.1758
2017   2   6  259.1096
2017   2   7  259.0504
2017   2   8  258.9888
2017   2   9  258.9237
2017   2  10  258.8567
2017   2  11  258.7950
2017   2  12  258.7392
2017   2  13  258.6700
2017   2  14  258.6175
2017   2  15  258.5575
2017   2  16  258.5121
2017   2  17  258.4500
2017   2  18  258.4017
2017   2  19  258.3475
2017   2  20  258.2975
2017   2  21  258.2342
2017   2  22  258.1892
2017   2  23  258.1367
2017   2  24  258.0733
2017   2  25  258.0325
2017   2  26  257.9762
2017   2  27  257.9296
2017   2  28  257.8771
2017   3   1  257.8275
2017   3   2  257.7729
2017   3   3  257.7329
2017   3   4  257.6808
2017   3   5  257.6375
2017   3   6  257.5833
2017   3   7  257.5417
2017   3   8  257.5008
2017   3   9  257.4604
2017   3  10  257.4112
2017   3  11  257.3642
2017   3  12  257.3179
2017   3  13  257.2804
2017   3  14  257.2271
2017   3  15  257.1983
2017   3  16  257.1662
2017   3  17  257.1312
2017   3  18  257.0854
2017   3  19  257.0550
2017   3  20  257.0267
2017   3  21  256.9817
2017   3  22  256.9546
2017   3  23  256.9200
2017   3  24  256.8892
2017   3  25  256.8592
2017   3  26  256.8208
2017   3  27  256.8025
2017   3  28  256.8100
2017   3  29  256.8100
2017   3  30  256.8100
2017   3  31  256.8100
2017   4   1  256.6575
2017   4   2  256.6208
2017   4   3  256.5958
2017   4   4  256.5617
2017   4   5  256.5300
2017   4   6  256.4983
2017   4   7  256.4746
2017   4   8  256.4342
2017   4   9  256.4125
2017   4  10  256.3875
2017   4  11  256.3471
2017   4  12  256.3142
2017   4  13  256.2942
2017   4  14  256.2779
2017   4  15  256.2408
2017   4  16  256.2200
2017   4  17  256.1983
2017   4  18  256.1667
2017   4  19  256.1496
2017   4  20  256.1304
2017   4  21  256.1121
2017   4  22  256.0879
2017   4  23  256.0721
2017   4  24  256.0571
2017   4  25  256.0425
2017   4  26  256.0204
2017   4  27  255.9900
2017   4  28  255.9858
2017   4  29  255.9858
2017   4  30  255.9725
2017   5   1  256.1900
2017   5   2  256.1900
2017   5   3  256.1900
2017   5   4  256.1900
2017   5   5  256.1925
2017   5   6  256.1912
2017   5   7  256.1900
2017   5   8  256.1900
2017   5   9  256.1900
2017   5  10  256.1908
2017   5  11  256.1908
2017   5  12  256.1921
2017   5  13  256.1904
2017   5  14  256.1896
2017   5  15  256.1904
2017   5  16  256.1900
2017   5  17  256.1900
2017   5  18  256.1900
2017   5  19  256.1900
2017   5  20  256.1900
2017   5  21  256.1863
2017   5  22  256.1858
2017   5  23  256.1800
2017   5  24  256.1800
2017   5  25  256.2117
2017   5  26  256.2925
2017   5  27  256.3175
2017   5  28  256.3279
2017   5  29  256.3321
2017   5  30  256.3442
2017   5  31  256.3558
2017   7   1  259.3496
2017   7   2  259.3396
2017   7   3  259.3225
2017   7   4  259.3000
2017   7   5  259.2808
2017   7   6  259.2604
2017   7   7  259.2329
2017   7   8  259.2037
2017   7   9  259.1721
2017   7  10  259.1375
2017   7  11  259.1025
2017   7  12  259.0767
2017   7  13  259.0404
2017   7  14  258.9917
2017   7  15  258.9454
2017   7  16  258.9058
2017   7  17  258.8842
2017   7  18  258.8546
2017   7  19  258.8288
2017   7  20  258.7992
2017   7  21  258.7708
2017   7  22  258.7442
2017   7  23  258.7092
2017   7  24  258.6758
2017   7  25  258.6375
2017   7  26  258.6042
2017   7  27  258.5663
2017   7  28  258.5467
2017   7  29  258.5387
2017   7  30  258.5054
2017   7  31  258.4996
2017   8   1  258.5542
2017   8   2  258.6488
2017   8   3  258.7613
2017   8   4  258.8683
2017   8   5  258.9671
2017   8   6  259.0592
2017   8   7  259.1396
2017   8   8  259.2217
2017   8   9  259.3092
2017   8  10  259.3825
2017   8  11  259.4513
2017   8  12  259.5154
2017   8  13  259.5754
2017   8  14  259.6313
2017   8  15  259.6896
2017   8  16  259.7433
2017   8  17  259.7833
2017   8  18  259.8108
2017   8  19  259.8338
2017   8  20  259.8538
2017   8  21  259.8750
2017   8  22  259.8850
2017   8  23  259.9092
2017   8  24  259.9696
2017   8  25  260.0517
2017   8  26  260.1400
2017   8  27  260.2321
2017   8  28  260.3204
2017   8  29  260.4025
2017   8  30  260.4783
2017   8  31  260.5417
2017   9   1  260.5908
2017   9   2  260.6546
2017   9   3  260.7075
2017   9   4  260.7629
2017   9   5  260.8163
2017   9   6  260.8767
2017   9   7  260.9296
2017   9   8  260.9596
2017   9   9  261.0067
2017   9  10  261.0542
2017   9  11  261.0967
2017   9  12  261.1483
2017   9  13  261.1850
2017   9  14  261.1929
2017   9  15  261.1838
2017   9  16  261.1867
2017   9  17  261.1967
2017   9  18  261.2062
2017   9  19  261.2012
2017   9  20  261.2287
2017   9  21  261.2496
2017   9  22  261.2633
2017   9  23  261.2654
2017   9  24  261.2854
2017   9  25  261.2967
2017   9  26  261.3121
2017   9  27  261.3146
2017   9  28  261.3217
2017   9  29  261.3037
2017   9  30  261.2750
2017  10   1  261.2671
2017  10   2  261.2346
2017  10   3  261.1762
2017  10   4  261.1546
2017  10   5  261.1346
2017  10   6  261.1104
2017  10   7  261.0775
2017  10   8  261.0454
2017  10   9  261.0200
2017  10  10  260.9992
2017  10  11  260.9783
2017  10  12  260.9587
2017  10  13  260.9433
2017  10  14  260.9938
2017  10  15  261.3363
2017  10  16  262.0321
2017  10  17  262.8163
2017  10  18  263.5667
2017  10  19  264.2429
2017  10  20  264.8271
2017  10  21  265.3304
2017  10  22  265.7387
2017  10  23  266.0562
2017  10  24  266.2917
2017  10  25  266.5017
2017  10  26  266.6779
2017  10  27  266.8029
2017  10  28  266.8783
2017  10  29  266.9017
2017  10  30  266.8954
2017  10  31  266.8854
2017  11   1  266.8646
2017  11   2  266.8196
2017  11   3  266.7475
2017  11   4  266.6612
2017  11   5  266.5804
2017  11   6  266.5000
2017  11   7  266.4117
2017  11   8  266.3175
2017  11   9  266.2150
2017  11  10  266.1133
2017  11  11  266.0042
2017  11  12  265.8975
2017  11  13  265.7883
2017  11  14  265.6692
2017  11  15  265.5487
2017  11  16  265.4321
2017  11  17  265.3188
2017  11  18  265.1904
2017  11  19  265.0554
2017  11  20  264.9375
2017  11  21  264.8192
2017  11  22  264.7013
2017  11  23  264.5700
2017  11  24  264.4433
2017  11  25  264.3304
2017  11  26  264.2100
2017  11  27  264.0929
2017  11  28  263.9746
2017  11  29  263.8592
2017  11  30  263.7471
2017  12   1  263.6271
2017  12   2  263.5158
2017  12   3  263.4071
2017  12   4  263.2929
2017  12   5  263.1792
2017  12   6  263.0733
2017  12   7  262.9692
2017  12   8  262.8571
2017  12   9  262.7521
2017  12  10  262.6496
2017  12  11  262.5408
2017  12  12  262.4354
2017  12  13  262.3321
2017  12  14  262.2300
2017  12  15  262.1288
2017  12  16  262.0262
2017  12  17  261.9179
2017  12  18  261.8200
2017  12  19  261.7167
2017  12  20  261.6167
2017  12  21  261.5208
2017  12  22  261.4363
2017  12  23  261.3529
2017  12  24  261.2667
2017  12  25  261.1750
2017  12  26  261.0958
2017  12  27  261.0179
2017  12  28  260.9483
2017  12  29  260.8750
2017  12  30  260.8054
2017  12  31  260.7350
2018   1   1  260.6529
2018   1   2  260.5675
2018   1   3  260.4904
2018   1   4  260.4237
2018   1   5  260.3533
2018   1   6  260.2971
2018   1   7  260.2433
2018   1   8  260.1908
2018   1   9  260.1262
2018   1  10  260.0779
2018   1  11  260.0283
2018   1  12  259.9846
2018   1  13  259.9483
2018   1  14  259.9104
2018   1  15  259.8783
2018   1  16  259.8454
2018   1  17  259.8063
2018   1  18  259.7742
2018   1  19  259.7467
2018   1  20  259.7150
2018   1  21  259.6838
2018   1  22  259.6600
2018   1  23  259.6358
2018   1  24  259.6079
2018   1  25  259.5854
2018   1  26  259.5546
2018   1  27  259.5317
2018   1  28  259.5042
2018   1  29  259.4696
2018   1  30  259.4442
2018   1  31  259.4250
2018   2   1  259.3842
2018   2   2  259.3575
2018   2   3  259.3275
2018   2   4  259.2879
2018   2   5  259.2625
2018   2   6  259.2317
2018   2   7  259.2012
2018   2   8  259.1637
2018   2   9  259.1333
2018   2  10  259.0950
2018   2  11  259.0521
2018   2  12  259.0092
2018   2  13  258.9767
2018   2  14  258.9525
2018   2  15  258.9150
2018   2  16  258.8858
2018   2  17  258.8467
2018   2  18  258.8183
2018   2  19  258.7858
2018   2  20  258.7604
2018   2  21  258.7283
2018   2  22  258.6992
2018   2  23  258.6658
2018   2  24  258.6367
2018   2  25  258.6083
2018   2  26  258.5742
2018   2  27  258.5483
2018   2  28  258.5250
2018   3   1  258.4908
2018   3   2  258.4671
2018   3   3  258.4392
2018   3   4  258.4021
2018   3   5  258.3742
2018   3   6  258.3350
2018   3   7  258.3079
2018   3   8  258.2763
2018   3   9  258.2433
2018   3  10  258.2142
2018   3  11  258.1783
2018   3  12  258.1454
2018   3  13  258.1121
2018   3  14  258.0742
2018   3  15  258.0442
2018   3  16  258.0158
2018   3  17  257.9908
2018   3  18  257.9658
2018   3  19  257.9462
2018   3  20  257.9217
2018   3  21  257.8904
2018   3  22  257.8646
2018   3  23  257.8371
2018   3  24  257.8104
2018   3  25  257.7867
2018   3  26  257.7638
2018   3  27  257.7317
2018   3  28  257.7058
2018   3  29  257.6838
2018   3  30  257.6712
2018   3  31  257.6542
2018   4   1  257.5138
2018   4   2  257.4883
2018   4   3  257.4512
2018   4   4  257.4171
2018   4   5  257.3879
2018   4   6  257.3525
2018   4   7  257.3146
2018   4   8  257.2871
2018   4   9  257.2529
2018   4  10  257.2242
2018   4  11  257.1913
2018   4  12  257.1558
2018   4  13  257.1383
2018   4  14  257.1171
2018   4  15  257.0771
2018   4  16  257.0492
2018   4  17  257.0204
2018   4  18  257.0058
2018   4  19  256.9762
2018   4  20  256.9433
2018   4  21  256.9158
2018   4  22  256.8950
2018   4  23  256.8687
2018   4  24  256.8442
2018   4  25  256.8133
2018   4  26  256.7775
2018   4  27  256.7508
2018   4  28  256.7246
2018   4  29  256.6983
2018   4  30  256.6754
2018   5   1  256.6433
2018   5   2  256.6146
2018   5   3  256.5779
2018   5   4  256.5521
2018   5   5  256.5350
2018   5   6  256.5004
2018   5   7  256.4858
2018   5   8  256.4675
2018   5   9  256.4392
2018   5  10  256.4267
2018   5  11  256.4187
2018   5  12  256.3963
2018   5  13  256.3733
2018   5  14  256.3717
2018   5  15  256.3571
2018   5  16  256.3388
2018   5  17  256.3396
2018   5  18  256.3304
2018   5  19  256.3104
2018   5  20  256.2983
2018   5  21  256.2942
2018   5  22  256.2925
2018   5  23  256.2796
2018   5  24  256.2700
2018   5  25  256.2758
2018   5  26  256.2550
2018   5  27  256.2396
2018   5  28  256.2408
2018   5  29  256.2112
2018   5  30  256.1933
2018   5  31  256.1858
2018   6   1  256.1792
2018   6   2  256.1771
2018   6   3  256.1796
2018   6   4  256.1833
2018   6   5  256.1825
2018   6   6  256.2012
2018   6   7  256.2042
2018   6   8  256.2183
2018   6   9  256.2204
2018   6  10  256.2142
2018   6  11  256.2208
2018   6  12  256.2225
2018   6  13  256.2300
2018   6  14  256.2367
2018   6  15  256.2437
2018   6  16  256.2708
2018   6  17  256.3200
2018   6  18  256.3763
2018   6  19  256.4371
2018   6  20  256.5008
2018   6  21  256.5654
2018   6  22  256.6312
2018   6  23  256.6946
2018   6  24  256.7550
2018   6  25  256.8171
2018   6  26  256.8817
2018   6  27  256.9533
2018   6  28  257.0300
2018   6  29  257.1021
2018   6  30  257.1708
2018   7   1  257.2383
2018   7   2  257.3037
2018   7   3  257.3696
2018   7   4  257.4329
2018   7   5  257.4954
2018   7   6  257.5504
2018   7   7  257.6021
2018   7   8  257.6487
2018   7   9  257.6912
2018   7  10  257.7379
2018   7  11  257.7725
2018   7  12  257.7892
2018   7  13  257.8075
2018   7  14  257.8263
2018   7  15  257.8479
2018   7  16  257.8738
2018   7  17  257.9079
2018   7  18  257.9379
2018   7  19  257.9762
2018   7  20  258.0317
2018   7  21  258.0896
2018   7  22  258.1500
2018   7  23  258.2187
2018   7  24  258.2775
2018   7  25  258.3325
2018   7  26  258.3892
2018   7  27  258.4475
2018   7  28  258.4900
2018   7  29  258.5337
2018   7  30  258.5654
2018   7  31  258.5929
2018   8   1  258.6033
2018   8   2  258.6171
2018   8   3  258.6212
2018   8   4  258.6237
2018   8   5  258.6254
2018   8   6  258.6254
2018   8   7  258.6208
2018   8   8  258.6113
2018   8   9  258.6042
2018   8  10  258.5921
2018   8  11  258.5954
2018   8  12  258.5875
2018   8  13  258.5704
2018   8  14  258.5642
2018   8  15  258.5454
2018   8  16  258.5325
2018   8  17  258.5196
2018   8  18  258.5079
2018   8  19  258.5029
2018   8  20  258.5025
2018   8  21  258.5021
2018   8  22  258.4937
2018   8  23  258.4883
2018   8  24  258.4850
2018   8  25  258.5038
2018   8  26  258.5542
2018   8  27  258.6367
2018   8  28  258.7638
2018   8  29  258.9304
2018   8  30  259.1446
2018   8  31  259.3917
2018   9   1  259.6317
2018   9   2  259.8796
2018   9   3  260.1154
2018   9   4  260.3313
2018   9   5  260.5317
2018   9   6  260.7787
2018   9   7  261.0333
2018   9   8  261.1883
2018   9   9  261.3292
2018   9  10  261.4562
2018   9  11  261.5750
2018   9  12  261.6908
2018   9  13  261.7992
2018   9  14  261.9000
2018   9  15  262.0083
2018   9  16  262.1917
2018   9  17  262.6192
2018   9  18  263.2425
2018   9  19  263.8775
2018   9  20  264.4237
2018   9  21  264.8629
2018   9  22  265.2067
2018   9  23  265.5167
2018   9  24  265.7717
2018   9  25  265.9746
2018   9  26  266.1163
2018   9  27  266.2158
2018   9  28  266.3104
2018   9  29  266.3488
2018   9  30  266.3567
2018  10   1  266.2483
2018  10   2  266.2283
2018  10   3  266.1896
2018  10   4  266.1579
2018  10   5  266.0967
2018  10   6  266.0179
2018  10   7  265.9417
2018  10   8  265.8762
2018  10   9  265.7971
2018  10  10  265.7092
2018  10  11  265.6133
2018  10  12  265.5075
2018  10  13  265.3971
2018  10  14  265.3121
2018  10  15  265.2204
2018  10  16  265.1392
2018  10  17  265.0563
2018  10  18  264.9600
2018  10  19  264.8542
2018  10  20  264.7600
2018  10  21  264.6883
2018  10  22  264.6058
2018  10  23  264.5154
2018  10  24  264.4246
2018  10  25  264.3333
2018  10  26  264.2250
2018  10  27  264.1304
2018  10  28  264.0554
2018  10  29  263.9721
2018  10  30  263.8825
2018  10  31  263.7965
2018  11   1  263.8204
2018  11   2  263.7371
2018  11   3  263.6612
2018  11   4  263.5892
2018  11   5  263.5246
2018  11   6  263.4604
2018  11   7  263.4004
2018  11   8  263.3450
2018  11   9  263.2879
2018  11  10  263.2371
2018  11  11  263.1937
2018  11  12  263.1488
2018  11  13  263.0913
2018  11  14  263.0275
2018  11  15  262.9608
2018  11  16  262.8954
2018  11  17  262.8321
2018  11  18  262.7704
2018  11  19  262.7033
2018  11  20  262.6417
2018  11  21  262.5842
2018  11  22  262.5142
2018  11  23  262.4525
2018  11  24  262.3838
2018  11  25  262.3188
2018  11  26  262.2471
2018  11  27  262.1787
2018  11  28  262.1108
2018  11  29  262.0383
2018  11  30  261.9742
2018  12   1  261.7908
2018  12   2  261.7287
2018  12   3  261.6667
2018  12   4  261.6050
2018  12   5  261.5425
2018  12   6  261.4792
2018  12   7  261.4042
2018  12   8  261.3350
2018  12   9  261.2692
2018  12  10  261.2038
2018  12  11  261.1362
2018  12  12  261.0558
2018  12  13  260.9883
2018  12  14  260.9221
2018  12  15  260.8583
2018  12  16  260.7987
2018  12  17  260.7304
2018  12  18  260.6617
2018  12  19  260.5987
2018  12  20  260.5313
2018  12  21  260.4583
2018  12  22  260.3862
2018  12  23  260.3133
2018  12  24  260.2433
2018  12  25  260.1808
2018  12  26  260.1175
2018  12  27  260.0454
2018  12  28  259.9737
2018  12  29  259.9029
2018  12  30  259.6048
2018  12  31  259.3721
2019   1   1  259.3004
2019   1   2  259.2275
2019   1   3  259.1558
2019   1   4  259.0975
2019   1   5  259.0450
2019   1   6  258.9787
2019   1   7  258.9221
2019   1   8  259.0679
2019   1   9  259.3504
2019   1  10  259.2954
2019   1  11  259.2358
2019   1  12  259.1687
2019   1  13  259.0992
2019   1  14  259.0363
2019   1  15  258.9729
2019   1  16  258.9183
2019   1  17  258.8625
2019   1  18  258.8167
2019   1  19  258.7725
2019   1  20  258.7337
2019   1  21  258.6888
2019   1  22  258.6529
2019   1  23  258.6108
2019   1  24  258.5721
2019   1  25  258.5346
2019   1  26  258.4871
2019   1  27  258.4429
2019   1  28  258.4104
2019   1  29  258.3721
2019   1  30  258.3271
2019   1  31  258.2837
2019   2   1  258.2304
2019   2   2  258.1958
2019   2   3  258.1563
2019   2   4  258.1175
2019   2   5  258.0842
2019   2   6  258.0508
2019   2   7  258.0142
2019   2   8  257.9754
2019   2   9  257.9379
2019   2  10  257.9004
2019   2  11  257.8667
2019   2  12  257.8312
2019   2  13  257.7958
2019   2  14  257.7546
2019   2  15  257.7233
2019   2  16  257.6821
2019   2  17  257.6458
2019   2  18  257.6088
2019   2  19  257.5621
2019   2  20  257.5258
2019   2  21  257.4871
2019   2  22  257.4475
2019   2  23  257.4025
2019   2  24  257.3633
2019   2  25  257.3192
2019   2  26  257.2775
2019   2  27  257.2333
2019   2  28  257.1938
2019   3   1  257.1629
2019   3   2  257.1258
2019   3   3  257.0813
2019   3   4  257.0500
2019   3   5  257.0100
2019   3   6  256.9783
2019   3   7  256.9437
2019   3   8  256.9192
2019   3   9  256.8938
2019   3  10  256.8638
2019   3  11  256.8346
2019   3  12  256.8088
2019   3  13  256.7833
2019   3  14  256.7775
2019   3  15  256.7600
2019   3  16  256.7458
2019   3  17  256.7375
2019   3  18  256.7229
2019   3  19  256.7017
2019   3  20  256.6971
2019   3  21  256.6942
2019   3  22  256.6771
2019   3  23  256.6546
2019   3  24  256.6567
2019   3  25  256.6546
2019   3  26  256.6421
2019   3  27  256.6167
2019   3  28  256.5904
2019   3  29  256.5883
2019   3  30  256.5683
2019   3  31  256.5446
2019   4   1  256.5437
2019   4   2  256.5408
2019   4   3  256.5192
2019   4   4  256.4983
2019   4   5  256.4987
2019   4   6  256.4763
2019   4   7  256.4625
2019   4   8  256.4583
2019   4   9  256.4433
2019   4  10  256.4313
2019   4  11  256.4187
2019   4  12  256.4008
2019   4  13  256.3933
2019   4  14  256.3742
2019   4  15  256.3488
2019   4  16  256.3508
2019   4  17  256.3404
2019   4  18  256.3308
2019   4  19  256.3221
2019   4  20  256.3117
2019   4  21  256.2996
2019   4  22  256.2717
2019   4  23  256.2454
2019   4  24  256.2158
2019   4  25  256.2083
2019   4  26  256.1771
2019   4  27  256.1604
2019   4  28  256.1517
2019   4  29  256.1312
2019   4  30  256.1113
2019   5   1  256.1067
2019   5   2  256.0858
2019   5   3  256.0908
2019   5   4  256.0929
2019   5   5  256.0779
2019   5   6  256.0854
2019   5   7  256.0908
2019   5   8  256.0892
2019   5   9  256.0950
2019   5  10  256.1121
2019   5  11  256.1175
2019   5  12  256.1479
2019   5  13  256.1763
2019   5  14  256.1867
2019   5  15  256.2221
2019   5  16  256.2617
2019   5  17  256.2792
2019   5  18  256.3079
2019   5  19  256.3475
2019   5  20  256.3938
2019   5  21  256.4492
2019   5  22  256.5146
2019   5  23  256.5896
2019   5  24  256.6913
2019   5  25  256.7937
2019   5  26  256.8879
2019   5  27  256.9825
2019   5  28  257.0663
2019   5  29  257.1488
2019   5  30  257.2288
2019   5  31  257.3071
2019   6   1  257.3796
2019   6   2  257.4479
2019   6   3  257.5046
2019   6   4  257.5517
2019   6   5  257.5908
2019   6   6  257.6250
2019   6   7  257.6621
2019   6   8  257.6933
2019   6   9  257.7233
2019   6  10  257.7433
2019   6  11  257.7617
2019   6  12  257.7821
2019   6  13  257.8088
2019   6  14  257.8433
2019   6  15  257.8758
2019   6  16  257.9308
2019   6  17  257.9954
2019   6  18  258.0667
2019   6  19  258.1375
2019   6  20  258.2046
2019   6  21  258.2671
2019   6  22  258.3292
2019   6  23  258.3867
2019   6  24  258.4367
2019   6  25  258.4900
2019   6  26  258.5425
2019   6  27  258.5875
2019   6  28  258.6229
2019   6  29  258.6579
2019   6  30  258.6771
2019   7   1  258.6979
2019   7   2  258.6921
2019   7   3  258.6804
2019   7   4  258.6700
2019   7   5  258.6608
2019   7   6  258.6354
2019   7   7  258.6150
2019   7   8  258.5804
2019   7   9  258.5521
2019   7  10  258.5175
2019   7  11  258.4779
2019   7  12  258.4475
2019   7  13  258.4104
2019   7  14  258.3642
2019   7  15  258.3275
2019   7  16  258.2783
2019   7  17  258.2471
2019   7  18  258.1983
2019   7  19  258.1450
2019   7  20  258.0846
2019   7  21  258.0404
2019   7  22  258.0021
2019   7  23  257.9588
2019   7  24  257.9013
2019   7  25  257.8613
2019   7  26  257.8183
2019   7  27  257.7729
2019   7  28  257.7362
2019   7  29  257.6979
2019   7  30  257.6629
2019   7  31  257.6117
2019   8   1  257.5654
2019   8   2  257.5333
2019   8   3  257.4979
2019   8   4  257.4550
2019   8   5  257.4175
2019   8   6  257.3825
2019   8   7  257.3421
2019   8   8  257.3129
2019   8   9  257.2842
2019   8  10  257.2283
2019   8  11  257.1929
2019   8  12  257.1563
2019   8  13  257.1513
2019   8  14  257.1508
2019   8  15  257.1754
2019   8  16  257.2042
2019   8  17  257.2496
2019   8  18  257.3000
2019   8  19  257.3617
2019   8  20  257.4333
2019   8  21  257.5038
2019   8  22  257.5754
2019   8  23  257.6479
2019   8  24  257.7342
2019   8  25  257.8896
2019   8  26  258.2063
2019   8  27  258.6592
2019   8  28  259.1396
2019   8  29  259.6012
2019   8  30  260.0138
2019   8  31  260.3904
2019   9   1  260.7304
2019   9   2  261.0429
2019   9   3  261.3283
2019   9   4  261.1683
2019   9   5  261.8158
2019   9   6  262.0004
2019   9   7  262.1650
2019   9   8  262.3167
2019   9   9  262.4413
2019   9  10  262.5575
2019   9  11  262.6513
2019   9  12  262.7517
2019   9  13  262.8212
2019   9  14  262.8583
2019   9  15  262.9125
2019   9  16  262.9475
2019   9  17  262.9617
2019   9  18  262.9492
2019   9  19  262.9679
2019   9  20  262.9558
2019   9  21  262.9475
2019   9  22  262.9096
2019   9  23  262.8833
2019   9  24  262.8658
2019   9  25  262.8379
2019   9  26  262.7971
2019   9  27  262.7725
2019   9  28  262.7529
2019   9  29  262.7238
2019   9  30  262.7292
2019  10   1  262.6837
2019  10   2  262.6546
2019  10   3  262.6358
2019  10   4  262.6071
2019  10   5  262.5525
2019  10   6  262.5183
2019  10   7  262.4833
2019  10   8  262.4437
2019  10   9  262.3908
2019  10  10  262.3571
2019  10  11  262.3242
2019  10  12  262.2687
2019  10  13  262.1942
2019  10  14  262.1387
2019  10  15  262.0904
2019  10  16  262.0442
2019  10  17  262.0175
2019  10  18  261.9867
2019  10  19  261.9533
2019  10  20  261.9025
2019  10  21  261.8442
2019  10  22  261.8087
2019  10  23  261.7562
2019  10  24  261.7017
2019  10  25  261.6417
2019  10  26  261.5954
2019  10  27  261.5646
2019  10  28  261.5262
2019  10  29  261.4833
2019  10  30  261.4304
2019  10  31  261.3733
2019  11   1  261.3150
2019  11   2  261.2617
2019  11   3  261.2054
2019  11   4  261.1504
2019  11   5  261.0987
2019  11   6  261.0529
2019  11   7  260.9975
2019  11   8  260.9312
2019  11   9  260.8683
2019  11  10  260.8108
2019  11  11  260.7450
2019  11  12  260.6825
2019  11  13  260.6188
2019  11  14  260.5592
2019  11  15  260.5192
2019  11  16  260.4683
2019  11  17  260.4192
2019  11  18  260.3654
2019  11  19  260.3079
2019  11  20  260.2483
2019  11  21  260.1921
2019  11  22  260.1283
2019  11  23  260.0608
2019  11  24  259.9887
2019  11  25  259.9179
2019  11  26  259.8521
2019  11  27  259.7900
2019  11  28  259.7233
2019  11  29  259.6563
2019  11  30  259.5979
2019  12   1  259.5454
2019  12   2  259.4842
2019  12   3  259.4283
2019  12   4  259.3763
2019  12   5  259.3213
2019  12   6  259.2692
2019  12   7  259.2171
2019  12   8  259.1700
2019  12   9  259.1283
2019  12  10  259.0838
2019  12  11  259.0246
2019  12  12  258.9604
2019  12  13  258.9013
2019  12  14  258.8404
2019  12  15  258.7775
2019  12  16  258.7146
2019  12  17  258.6492
2019  12  18  258.5846
2019  12  19  258.5217
2019  12  20  258.4550
2019  12  21  258.3904
2019  12  22  258.3233
2019  12  23  258.2454
2019  12  24  258.1671
2019  12  25  258.0950
2019  12  26  258.0275
2019  12  27  257.9529
2019  12  28  257.8762
2019  12  29  257.8017
2019  12  30  257.7279
2019  12  31  257.6567
2020   1   1  257.6050
2020   1   2  257.5567
2020   1   3  257.5054
2020   1   4  257.4542
2020   1   5  257.4029
2020   1   6  257.3542
2020   1   7  257.2979
2020   1   8  257.2283
2020   1   9  257.1800
2020   1  10  257.1312
2020   1  11  257.0808
2020   1  12  257.0425
2020   1  13  257.0050
2020   1  14  256.9558
2020   1  15  256.9254
2020   1  16  256.8838
2020   1  17  256.8538
2020   1  18  256.8192
2020   1  19  256.7867
2020   1  20  256.7517
2020   1  21  256.7192
2020   1  22  256.6875
2020   1  23  256.6575
2020   1  24  256.6258
2020   1  25  256.5975
2020   1  26  256.5733
2020   1  27  256.5379
2020   1  28  256.5129
2020   1  29  256.4879
2020   1  30  256.4708
2020   1  31  256.4433
2020   2   1  256.4233
2020   2   2  256.3958
2020   2   3  256.3762
2020   2   4  256.3492
2020   2   5  256.3275
2020   2   6  256.3000
2020   2   7  256.2775
2020   2   8  256.2429
2020   2   9  256.2225
2020   2  10  256.2046
2020   2  11  256.1779
2020   2  12  256.1546
2020   2  13  256.1354
2020   2  14  256.1108
2020   2  15  256.0879
2020   2  16  256.0588
2020   2  17  256.0412
2020   2  18  256.0188
2020   2  19  255.9971
2020   2  20  255.9763
2020   2  21  255.9533
2020   2  22  255.9287
2020   2  23  255.9125
2020   2  24  255.8938
2020   2  25  255.8671
2020   2  26  255.8492
2020   2  27  255.8213
2020   2  28  255.7988
2020   2  29  255.7771
2020   3   1  255.7458
2020   3   2  255.7242
2020   3   3  255.6971
2020   3   4  255.6662
2020   3   5  255.6429
2020   3   6  255.6138
2020   3   7  255.5962
2020   3   8  255.5650
2020   3   9  255.5446
2020   3  10  255.5079
2020   3  11  255.4850
2020   3  12  255.4575
2020   3  13  255.4363
2020   3  14  255.4129
2020   3  15  255.3958
2020   3  16  255.3704
2020   3  17  255.3425
2020   3  18  255.3379
2020   3  19  255.3104
2020   3  20  255.2837
2020   3  21  255.2754
2020   3  22  255.2550
2020   3  23  255.2383
2020   3  24  255.2263
2020   3  25  255.2017
2020   3  26  255.1783
2020   3  27  255.1667
2020   3  28  255.1554
2020   3  29  255.1421
2020   3  30  255.1271
2020   3  31  255.1083
2020   4   1  255.0842
2020   4   2  255.0688
2020   4   3  255.0483
2020   4   4  255.0225
2020   4   5  255.0046
2020   4   6  254.9729
2020   4   7  254.9508
2020   4   8  254.9392
2020   4   9  254.9258
2020   4  10  254.9004
2020   4  11  254.8792
2020   4  12  254.8758
2020   4  13  254.8683
2020   4  14  254.8600
2020   4  15  254.8458
2020   4  16  254.8250
2020   4  17  254.8208
2020   4  18  254.8212
2020   4  19  254.8125
2020   4  20  254.8088
2020   4  21  254.8017
2020   4  22  254.7796
2020   4  23  254.7808
2020   4  24  254.7725
2020   4  25  254.7563
2020   4  26  254.7400
2020   4  27  254.7229
2020   4  28  254.7142
2020   4  29  254.7037
2020   4  30  254.6863
2020   5   1  254.6729
2020   5   2  254.6608
2020   5   3  254.6562
2020   5   4  254.6287
2020   5   5  254.6125
2020   5   6  254.4713
2020   5   7  254.5908
2020   5   8  254.5858
2020   5   9  254.5554
2020   5  10  254.5437
2020   5  11  254.5321
2020   5  12  254.5308
2020   5  13  254.5196
2020   5  14  254.5179
2020   5  15  254.5025
2020   5  16  254.4833
2020   5  17  254.4833
2020   5  18  254.4879
2020   5  19  254.4896
2020   5  20  254.4933
2020   5  21  254.4988
2020   5  22  254.5121
2020   5  23  254.5317
2020   5  24  254.5708
2020   5  25  254.6254
2020   5  26  254.6896
2020   5  27  254.7642
2020   5  28  254.8546
2020   5  29  254.9600
2020   5  30  255.0738
2020   5  31  255.1921
2020   6   1  255.3088
2020   6   2  255.4250
2020   6   3  255.5342
2020   6   4  255.6204
2020   6   5  255.7071
2020   6   6  255.7871
2020   6   7  255.8704
2020   6   8  255.9446
2020   6   9  256.0146
2020   6  10  256.0808
2020   6  11  256.1417
2020   6  12  256.1921
2020   6  13  256.2254
2020   6  14  256.2583
2020   6  15  256.2888
2020   6  16  256.3225
2020   6  17  256.3487
2020   6  18  256.3746
2020   6  19  256.3971
2020   6  20  256.4104
2020   6  21  256.4154
2020   6  22  256.4150
2020   6  23  256.4133
2020   6  24  256.4179
2020   6  25  256.4179
2020   6  26  256.4146
2020   6  27  256.4179
2020   6  28  256.4200
2020   6  29  256.4229
2020   6  30  256.4142
2020   7   1  256.3908
2020   7   2  256.3542
2020   7   3  256.3179
2020   7   4  256.2788
2020   7   5  256.2492
2020   7   6  256.2146
2020   7   7  256.1796
2020   7   8  256.1558
2020   7   9  256.1342
2020   7  10  256.0942
2020   7  11  256.0600
2020   7  12  256.0200
2020   7  13  255.9787
2020   7  14  255.9283
2020   7  15  255.8850
2020   7  16  255.8429
2020   7  17  255.7929
2020   7  18  255.7450
2020   7  19  255.6992
2020   7  20  255.6525
2020   7  21  255.5962
2020   7  22  255.5425
2020   7  23  255.4929
2020   7  24  255.4342
2020   7  25  255.3800
2020   7  26  255.3279
2020   7  27  255.2833
2020   7  28  255.2338
2020   7  29  255.2092
2020   7  30  255.1904
2020   7  31  255.1771
2020   8   1  255.1675
2020   8   2  255.1579
2020   8   3  255.1504
2020   8   4  255.1304
2020   8   5  255.1071
2020   8   6  255.0904
2020   8   7  255.0762
2020   8   8  255.0633
2020   8   9  255.0338
2020   8  10  255.0146
2020   8  11  254.9996
2020   8  12  254.9846
2020   8  13  254.9687
2020   8  14  254.9608
2020   8  15  254.9546
2020   8  16  254.9462
2020   8  17  254.9417
2020   8  18  254.9383
2020   8  19  254.9262
2020   8  20  254.9154
2020   8  21  254.9067
2020   8  22  254.8983
2020   8  23  254.8833
2020   8  24  254.8704
2020   8  25  254.8500
2020   8  26  254.8246
2020   8  27  254.8175
2020   8  28  254.7992
2020   8  29  254.7733
2020   8  30  254.7658
2020   8  31  254.7537
2020   9   1  254.7400
2020   9   2  254.7237
2020   9   3  254.7050
2020   9   4  254.6937
2020   9   5  254.6808
2020   9   6  254.6579
2020   9   7  254.6367
2020   9   8  254.6217
2020   9   9  254.6058
2020   9  10  254.5917
2020   9  11  254.5771
2020   9  12  254.5563
2020   9  13  254.5492
2020   9  14  254.5400
2020   9  15  254.5267
2020   9  16  254.5092
2020   9  17  254.5100
2020   9  18  254.5096
2020   9  19  254.4912
2020   9  20  254.4767
2020   9  21  254.4737
2020   9  22  254.4583
2020   9  23  254.4554
2020   9  24  254.4621
2020   9  25  254.4562
2020   9  26  254.4650
2020   9  27  254.4642
2020   9  28  254.4696
2020   9  29  254.4862
2020   9  30  254.4958
2020  10   1  254.5150
2020  10   2  254.5188
2020  10   3  254.5213
2020  10   4  254.5329
2020  10   5  254.5200
2020  10   6  254.5042
2020  10   7  254.5146
2020  10   8  254.5004
2020  10   9  254.5042
2020  10  10  254.4979
2020  10  11  254.4837
2020  10  12  254.4929
2020  10  13  254.4788
2020  10  14  254.4792
2020  10  15  254.5038
2020  10  16  254.5275
2020  10  17  254.5463
2020  10  18  254.5646
2020  10  19  254.5783
2020  10  20  254.5954
2020  10  21  254.6104
2020  10  22  254.6212
2020  10  23  254.6279
2020  10  24  254.6392
2020  10  25  254.6471
2020  10  26  254.6529
2020  10  27  254.6500
2020  10  28  254.6408
2020  10  29  254.6317
2020  10  30  254.6225
2020  10  31  254.6096
2020  11   1  254.5967
2020  11   2  254.5817
2020  11   3  254.5646
2020  11   4  254.5529
2020  11   5  254.5392
2020  11   6  254.5242
2020  11   7  254.5142
2020  11   8  254.5054
2020  11   9  254.5067
2020  11  10  254.5154
2020  11  11  254.5275
2020  11  12  254.5371
2020  11  13  254.5454
2020  11  14  254.5488
2020  11  15  254.5538
2020  11  16  254.5600
2020  11  17  254.5629
2020  11  18  254.5662
2020  11  19  254.5692
2020  11  20  254.5700
2020  11  21  254.5667
2020  11  22  254.5633
2020  11  23  254.5596
2020  11  24  254.5542
2020  11  25  254.5467
2020  11  26  254.5421
2020  11  27  254.5354
2020  11  28  254.5288
2020  11  29  254.5217
2020  11  30  254.5163
2020  12   1  254.5142
2020  12   2  254.5088
2020  12   3  254.4996
2020  12   4  254.4933
2020  12   5  254.4833
2020  12   6  254.4754
2020  12   7  254.4587
2020  12   8  254.4417
2020  12   9  254.4212
2020  12  10  254.4062
2020  12  11  254.3904
2020  12  12  254.3721
2020  12  13  254.3600
2020  12  14  254.3463
2020  12  15  254.3367
2020  12  16  254.3254
2020  12  17  254.3125
2020  12  18  254.2967
2020  12  19  254.2788
2020  12  20  254.2596
2020  12  21  254.2379
2020  12  22  254.2175
2020  12  23  254.1975
2020  12  24  254.1742
2020  12  25  254.1508
2020  12  26  254.1371
2020  12  27  254.1154
2020  12  28  254.0963
2020  12  29  254.0746
2020  12  30  254.0408
2020  12  31  254.0163
2021   1   1  253.9867
2021   1   2  253.9546
2021   1   3  253.9192
2021   1   4  253.8887
2021   1   5  253.8563
2021   1   6  253.8337
2021   1   7  253.8013
2021   1   8  253.7746
2021   1   9  253.7500
2021   1  10  253.7325
2021   1  11  253.7112
2021   1  12  253.6867
2021   1  13  253.6704
2021   1  14  253.6492
2021   1  15  253.6308
2021   1  16  253.6092
2021   1  17  253.5888
2021   1  18  253.5742
2021   1  19  253.5600
2021   1  20  253.5375
2021   1  21  253.5146
2021   1  22  253.5008
2021   1  23  253.4858
2021   1  24  253.4712
2021   1  25  253.4637
2021   1  26  253.4537
2021   1  27  253.4417
2021   1  28  253.4317
2021   1  29  253.4225
2021   1  30  253.4129
2021   1  31  253.4037
2021   2   1  253.3929
2021   2   2  253.3758
2021   2   3  253.3650
2021   2   4  253.3529
2021   2   5  253.3446
2021   2   6  253.3317
2021   2   7  253.3125
2021   2   8  253.3000
2021   2   9  253.2796
2021   2  10  253.2717
2021   2  11  253.2596
2021   2  12  253.2542
2021   2  13  253.2483
2021   2  14  253.2358
2021   2  15  253.2237
2021   2  16  253.2192
2021   2  17  253.2117
2021   2  18  253.2025
2021   2  19  253.1958
2021   2  20  253.1850
2021   2  21  253.1683
2021   2  22  253.1617
2021   2  23  253.1458
2021   2  24  253.1358
2021   2  25  253.1287
2021   2  26  253.1117
2021   2  27  253.0996
2021   2  28  253.0888
2021   3   1  253.0825
2021   3   2  253.0688
2021   3   3  253.0592
2021   3   4  253.0513
2021   3   5  253.0442
2021   3   6  253.0317
2021   3   7  253.0146
2021   3   8  253.0087
2021   3   9  252.9896
2021   3  10  252.9767
2021   3  11  252.9696
2021   3  12  252.9567
2021   3  13  252.9483
2021   3  14  252.9371
2021   3  15  252.9333
2021   3  16  252.9221
2021   3  17  252.9054
2021   3  18  252.8925
2021   3  19  252.8854
2021   3  20  252.8717
2021   3  21  252.8538
2021   3  22  252.8479
2021   3  23  252.8379
2021   3  24  252.8217
2021   3  25  252.8058
2021   3  26  252.7950
2021   3  27  252.7858
2021   3  28  252.7854
2021   3  29  252.7758
2021   3  30  252.7567
2021   3  31  252.7392
2021   4   1  252.7354
2021   4   2  252.7208
2021   4   3  252.7050
2021   4   4  252.6933
2021   4   5  252.6771
2021   4   6  252.6671
2021   4   7  252.6646
2021   4   8  252.6467
2021   4   9  252.6350
2021   4  10  252.6354
2021   4  11  252.6150
2021   4  12  252.6079
2021   4  13  252.6042
2021   4  14  252.5963
2021   4  15  252.5808
2021   4  16  252.5762
2021   4  17  252.5721
2021   4  18  252.5613
2021   4  19  252.5533
2021   4  20  252.5392
2021   4  21  252.5246
2021   4  22  252.5183
2021   4  23  252.5113
2021   4  24  252.4979
2021   4  25  252.4867
2021   4  26  252.4738
2021   4  27  252.4362
2021   4  28  252.4017
2021   4  29  252.3833
2021   4  30  252.3888
2021   5   1  252.3712
2021   5   2  252.3637
2021   5   3  252.3617
2021   5   4  252.3492
2021   5   5  252.3379
2021   5   6  252.3438
2021   5   7  252.3312
2021   5   8  252.3192
2021   5   9  252.3221
2021   5  10  252.3179
2021   5  11  252.2979
2021   5  12  252.2912
2021   5  13  252.2837
2021   5  14  252.2713
2021   5  15  252.2579
2021   5  16  252.2633
2021   5  17  252.2558
2021   5  18  252.2417
2021   5  19  252.0312
2021   5  20  252.2375
2021   5  21  252.2275
2021   5  22  252.2125
2021   5  23  252.2171
2021   5  24  252.1983
2021   5  25  252.1796
2021   5  26  252.1833
2021   5  27  252.1692
2021   5  28  252.1612
2021   5  29  252.1575
2021   5  30  252.1479
2021   5  31  252.1433
2021   6   1  252.1396
2021   6   2  252.1325
2021   6   3  252.1225
2021   6   4  252.1292
2021   6   5  252.1396
2021   6   6  252.1512
2021   6   7  252.1583
2021   6   8  252.1788
2021   6   9  252.2067
2021   6  10  252.2337
2021   6  11  252.2604
2021   6  12  252.2792
2021   6  13  252.2988
2021   6  14  252.3183
2021   6  15  252.3421
2021   6  16  252.3579
2021   6  17  252.3742
2021   6  18  252.3896
2021   6  19  252.4017
2021   6  20  252.4150
2021   6  21  252.4283
2021   6  22  252.4375
2021   6  23  252.4467
2021   6  24  252.4567
2021   6  25  252.4688
2021   6  26  252.4833
2021   6  27  252.5046
2021   6  28  252.5296
2021   6  29  252.5546
2021   6  30  252.5708
2021   7   1  252.5825
2021   7   2  252.5946
2021   7   3  252.6133
2021   7   4  252.6296
2021   7   5  252.6425
2021   7   6  252.6579
2021   7   7  252.6821
2021   7   8  252.6958
2021   7   9  252.7104
2021   7  10  252.7200
2021   7  11  252.7271
2021   7  12  252.7304
2021   7  13  252.7325
2021   7  14  252.7325
2021   7  15  252.7317
2021   7  16  252.7337
2021   7  17  252.7317
2021   7  18  252.7246
2021   7  19  252.7279
2021   7  20  252.7167
2021   7  21  252.7129
2021   7  22  252.7067
2021   7  23  252.7012
2021   7  24  252.6817
2021   7  25  252.6708
2021   7  26  252.6567
2021   7  27  252.6458
2021   7  28  252.6425
2021   7  29  252.6333
2021   7  30  252.6275
2021   7  31  252.6300
2021   8   1  252.6396
2021   8   2  252.6571
2021   8   3  252.6763
2021   8   4  252.7012
2021   8   5  252.7417
2021   8   6  252.7938
2021   8   7  252.8571
2021   8   8  252.9371
2021   8   9  253.0671
2021   8  10  253.2496
2021   8  11  253.4588
2021   8  12  253.6750
2021   8  13  253.8925
2021   8  14  254.0971
2021   8  15  254.2775
2021   8  16  254.4558
2021   8  17  254.6179
2021   8  18  254.7696
2021   8  19  254.9029
2021   8  20  255.0117
2021   8  21  255.1150
2021   8  22  255.2183
2021   8  23  255.3092
2021   8  24  255.3892
2021   8  25  255.4579
2021   8  26  255.5046
2021   8  27  255.5537
2021   8  28  255.6138
2021   8  29  255.6754
2021   8  30  255.7254
2021   8  31  255.7717
2021   9   1  255.8121
2021   9   2  255.8583
2021   9   3  255.9054
2021   9   4  255.9400
2021   9   5  255.9833
2021   9   6  256.0358
2021   9   7  256.0692
2021   9   8  256.1050
2021   9   9  256.1404
2021   9  10  256.1717
2021   9  11  256.2000
2021   9  12  256.2288
2021   9  13  256.2308
2021   9  14  256.2546
2021   9  15  256.2821
2021   9  16  256.3196
2021   9  17  256.3587
2021   9  18  256.3892
2021   9  19  256.4292
2021   9  20  256.4821
2021   9  21  256.5229
2021   9  22  256.5538
2021   9  23  256.5733
2021   9  24  256.5892
2021   9  25  256.6137
2021   9  26  256.6404
2021   9  27  256.6625
2021   9  28  256.6813
2021   9  29  256.6875
2021   9  30  256.6992
2021  10   1  256.7146
2021  10   2  256.7250
2021  10   3  256.7442
2021  10   4  256.7542
2021  10   5  256.7579
2021  10   6  256.7787
2021  10   7  256.7887
2021  10   8  256.7925
2021  10   9  256.7908
2021  10  10  256.7821
2021  10  11  256.8046
2021  10  12  256.8621
2021  10  13  257.0433
2021  10  14  257.3988
2021  10  15  257.8817
2021  10  16  258.3925
2021  10  17  258.8733
2021  10  18  259.3296
2021  10  19  259.7617
2021  10  20  260.1583
2021  10  21  260.5217
2021  10  22  260.8146
2021  10  23  261.0946
2021  10  24  261.3642
2021  10  25  261.6013
2021  10  26  261.8229
2021  10  27  262.0133
2021  10  28  262.1825
2021  10  29  262.3692
2021  10  30  262.5075
2021  10  31  262.6246
2021  11   1  262.7179
2021  11   2  262.7937
2021  11   3  262.8612
2021  11   4  262.8946
2021  11   5  262.9271
2021  11   6  262.9675
2021  11   7  262.9658
2021  11   8  262.9450
2021  11   9  262.9492
2021  11  10  262.9242
2021  11  11  262.8683
2021  11  12  262.8379
2021  11  13  262.8108
2021  11  14  262.7675
2021  11  15  262.7129
2021  11  16  262.6717
2021  11  17  262.6079
2021  11  18  262.5583
2021  11  19  262.5075
2021  11  20  262.4508
2021  11  21  262.3229
2021  11  22  262.2471
2021  11  23  262.2121
2021  11  24  262.1371
2021  11  25  262.0658
2021  11  26  261.9925
2021  11  27  261.9000
2021  11  28  261.8342
2021  11  29  261.7875
2021  11  30  261.7125
2021  12   1  261.6046
2021  12   2  261.5433
2021  12   3  261.4688
2021  12   4  261.3988
2021  12   5  261.3363
2021  12   6  261.2738
2021  12   7  261.1642
2021  12   8  261.0946
2021  12   9  261.0179
2021  12  10  260.9642
2021  12  11  260.8654
2021  12  12  260.7796
2021  12  13  260.7062
2021  12  14  260.6171
2021  12  15  260.5429
2021  12  16  260.4762
2021  12  17  260.4050
2021  12  18  260.2900
2021  12  19  260.2204
2021  12  20  260.1579
2021  12  21  260.0800
2021  12  22  260.0071
2021  12  23  259.9108
2021  12  24  259.8458
2021  12  25  259.7575
2021  12  26  259.6617
2021  12  27  259.6063
2021  12  28  259.5433
2021  12  29  259.4546
2021  12  30  259.4213
2021  12  31  259.3454
2022   1   1  259.2675
2022   1   2  259.1825
2022   1   3  259.1042
2022   1   4  259.0267
2022   1   5  258.9467
2022   1   6  258.8629
2022   1   7  258.7833
2022   1   8  258.7113
2022   1   9  258.6367
2022   1  10  258.5588
2022   1  11  258.4775
2022   1  12  258.4096
2022   1  13  258.3367
2022   1  14  258.2621
2022   1  15  258.1992
2022   1  16  258.1329
2022   1  17  258.0729
2022   1  18  258.0133
2022   1  19  257.9608
2022   1  20  257.9054
2022   1  21  257.8508
2022   1  22  257.8037
2022   1  23  257.7633
2022   1  24  257.7100
2022   1  25  257.6638
2022   1  26  257.6196
2022   1  27  257.5738
2022   1  28  257.5346
2022   1  29  257.4962
2022   1  30  257.4458
2022   1  31  257.4129
2022   2   1  257.3954
2022   2   2  257.3742
2022   2   3  257.3538
2022   2   4  257.3292
2022   2   5  257.3067
2022   2   6  257.2879
2022   2   7  257.2846
2022   2   8  257.2683
2022   2   9  257.2533
2022   2  10  257.2437
2022   2  11  257.2242
2022   2  12  257.2108
2022   2  13  257.1954
2022   2  14  257.1779
2022   2  15  257.1575
2022   2  16  257.1467
2022   2  17  257.1237
2022   2  18  257.1054
2022   2  19  257.0783
2022   2  20  257.0563
2022   2  21  257.0429
2022   2  22  257.0296
2022   2  23  257.0196
2022   2  24  257.0033
2022   2  25  256.9992
2022   2  26  256.9962
2022   2  27  256.9879
2022   2  28  256.9887
2022   3   1  256.9779
2022   3   2  256.9683
2022   3   3  256.9529
2022   3   4  256.9471
2022   3   5  256.9396
2022   3   6  256.9275
2022   3   7  256.9204
2022   3   8  256.9067
2022   3   9  256.8892
2022   3  10  256.8783
2022   3  11  256.8563
2022   3  12  256.8354
2022   3  13  256.8171
2022   3  14  256.8033
2022   3  15  256.7850
2022   3  16  256.7700
2022   3  17  256.7550
2022   3  18  256.7412
2022   3  19  256.7117
2022   3  20  256.6846
2022   3  21  256.6746
2022   3  22  256.6579
2022   3  23  256.6458
2022   3  24  256.6129
2022   3  25  256.5896
2022   3  26  256.5608
2022   3  27  256.5229
2022   3  28  256.4875
2022   3  29  256.4458
2022   3  30  256.4150
2022   3  31  256.3833
2022   4   1  256.3404
2022   4   2  256.3071
2022   4   3  256.2796
2022   4   4  256.2475
2022   4   5  256.2183
2022   4   6  256.1917
2022   4   7  256.1633
2022   4   8  256.1296
2022   4   9  256.0937
2022   4  10  256.0579
2022   4  11  256.0392
2022   4  12  256.0188
2022   4  13  256.0008
2022   4  14  255.9804
2022   4  15  255.9438
2022   4  16  255.9079
2022   4  17  255.8887
2022   4  18  255.8687
2022   4  19  255.8317
2022   4  20  255.8229
2022   4  21  255.8050
2022   4  22  255.7858
2022   4  23  255.7650
2022   4  24  255.7417
2022   4  25  255.7183
2022   4  26  255.6929
2022   4  27  255.6658
2022   4  28  255.6387
2022   4  29  255.6029
2022   4  30  255.5733
2022   5   1  255.5492
2022   5   2  255.5250
2022   5   3  255.5079
2022   5   4  255.4933
2022   5   5  255.4821
2022   5   6  255.4662
2022   5   7  255.4512
2022   5   8  255.4388
2022   5   9  255.4213
2022   5  10  255.3992
2022   5  11  255.3871
2022   5  12  255.3754
2022   5  13  255.3621
2022   5  14  255.3425
2022   5  15  255.3337
2022   5  16  255.3258
2022   5  17  255.3213
2022   5  18  255.3200
2022   5  19  255.3371
2022   5  20  255.3642
2022   5  21  255.3946
2022   5  22  255.4304
2022   5  23  255.4954
2022   5  24  255.5608
2022   5  25  255.6367
2022   5  26  255.7233
2022   5  27  255.8100
2022   5  28  255.9054
2022   5  29  256.0042
2022   5  30  256.1062
2022   5  31  256.2008
2022   6   1  256.2971
2022   6   2  256.3771
2022   6   3  256.4496
2022   6   4  256.5313
2022   6   5  256.6050
2022   6   6  256.6721
2022   6   7  256.7350
2022   6   8  256.7963
2022   6   9  256.8567
2022   6  10  256.9163
2022   6  11  256.9592
2022   6  12  257.0000
2022   6  13  257.0421
2022   6  14  257.0638
2022   6  15  257.0821
2022   6  16  257.0975
2022   6  17  257.1133
2022   6  18  257.1208
2022   6  19  257.1275
2022   6  20  257.1325
2022   6  21  257.1171
2022   6  22  257.1008
2022   6  23  256.8617
2022   6  24  257.0942
2022   6  25  257.0704
2022   6  26  257.0421
2022   6  27  257.0167
2022   6  28  256.9896
2022   6  29  256.9579
2022   6  30  256.9233
2022   7   1  256.8867
2022   7   2  256.8512
2022   7   3  256.8158
2022   7   4  256.7762
2022   7   5  256.7238
2022   7   6  256.6817
2022   7   7  256.6533
2022   7   8  256.6242
2022   7   9  256.5937
2022   7  10  256.5546
2022   7  11  256.5150
2022   7  12  256.4825
2022   7  13  256.4483
2022   7  14  256.4171
2022   7  15  256.3825
2022   7  16  256.3392
2022   7  17  256.2954
2022   7  18  256.2554
2022   7  19  256.2075
2022   7  20  256.1654
2022   7  21  256.1229
2022   7  22  256.0792
2022   7  23  256.0404
2022   7  24  255.9887
2022   7  25  255.9388
2022   7  26  255.8954
2022   7  27  255.8479
2022   7  28  255.7958
2022   7  29  255.7496
2022   7  30  255.6996
2022   7  31  255.6525
2022   8   1  255.6121
2022   8   2  255.5775
2022   8   3  255.5454
2022   8   4  255.5067
2022   8   5  255.4712
2022   8   6  255.4404
2022   8   7  255.4067
2022   8   8  255.3783
2022   8   9  255.3458
2022   8  10  255.3058
2022   8  11  255.2721
2022   8  12  255.2325
2022   8  13  255.2037
2022   8  14  255.1792
2022   8  15  255.1571
2022   8  16  255.1325
2022   8  17  255.1054
2022   8  18  255.0829
2022   8  19  255.0579
2022   8  20  255.0321
2022   8  21  255.0012
2022   8  22  254.9725
2022   8  23  254.9342
2022   8  24  254.9079
2022   8  25  254.8904
2022   8  26  254.8687
2022   8  27  254.8517
2022   8  28  254.8296
2022   8  29  254.8088
2022   8  30  254.7838
2022   8  31  254.7663
2022   9   1  254.7525
2022   9   2  254.7396
2022   9   3  254.7187
2022   9   4  254.6975
2022   9   5  254.6675
2022   9   6  254.6346
2022   9   7  254.6150
2022   9   8  254.6013
2022   9   9  254.5775
2022   9  10  254.5475
2022   9  11  254.5263
2022   9  12  254.5167
2022   9  13  254.4871
2022   9  14  254.4704
2022   9  15  254.4521
2022   9  16  254.4296
2022   9  17  254.4058
2022   9  18  254.3821
2022   9  19  254.3258
2022   9  20  254.2858
2022   9  21  254.2358
2022   9  22  254.1871
2022   9  23  254.1383
2022   9  24  254.0892
2022   9  25  254.0512
2022   9  26  254.0275
2022   9  27  254.0079
2022   9  28  253.9912
2022   9  29  253.9817
2022   9  30  253.9746
2022  10   1  253.9571
2022  10   2  253.9621
2022  10   3  253.9637
2022  10   4  253.9675
2022  10   5  253.9546
2022  10   6  253.9412
2022  10   7  253.9533
2022  10   8  253.9592
2022  10   9  253.9725
2022  10  10  253.9896
2022  10  11  254.0125
2022  10  12  254.0312
2022  10  13  254.0483
2022  10  14  254.0583
2022  10  15  254.0687
2022  10  16  254.0800
2022  10  17  254.1029
2022  10  18  254.1358
2022  10  19  254.1758
2022  10  20  254.2192
2022  10  21  254.2600
2022  10  22  254.3050
2022  10  23  254.3562
2022  10  24  254.4079
2022  10  25  254.4662
2022  10  26  254.5238
2022  10  27  254.5792
2022  10  28  254.6300
2022  10  29  254.6717
2022  10  30  254.7137
2022  10  31  254.7533
2022  11   1  254.7971
2022  11   2  254.8617
2022  11   3  254.9371
2022  11   4  255.0138
2022  11   5  255.0933
2022  11   6  255.1750
2022  11   7  255.2513
2022  11   8  255.3250
2022  11   9  255.3933
2022  11  10  255.4550
2022  11  11  255.5133
2022  11  12  255.5637
2022  11  13  255.6054
2022  11  14  255.6471
2022  11  15  255.6833
2022  11  16  255.7154
2022  11  17  255.7383
2022  11  18  255.7500
2022  11  19  255.7608
2022  11  20  255.7658
2022  11  21  255.7654
2022  11  22  255.7663
2022  11  23  255.7587
2022  11  24  255.7467
2022  11  25  255.7342
2022  11  26  255.7146
2022  11  27  255.6933
2022  11  28  255.6704
2022  11  29  255.6433
2022  11  30  255.6067
2022  12   1  255.5758
2022  12   2  255.5446
2022  12   3  255.5108
2022  12   4  255.4721
2022  12   5  255.4392
2022  12   6  255.4075
2022  12   7  255.3746
2022  12   8  255.3450
2022  12   9  255.3117
2022  12  10  255.2725
2022  12  11  255.2300
2022  12  12  255.1854
2022  12  13  255.1383
2022  12  14  255.0958
2022  12  15  255.0571
2022  12  16  255.0112
2022  12  17  254.9567
2022  12  18  254.9067
2022  12  19  254.8617
2022  12  20  254.8167
2022  12  21  254.7725
2022  12  22  254.7167
2022  12  23  254.6608
2022  12  24  254.6050
2022  12  25  254.5463
2022  12  26  254.4912
2022  12  27  254.4329
2022  12  28  254.3767
2022  12  29  254.3179
2022  12  30  254.2604
2022  12  31  254.1988
2023   1   1  254.1379
2023   1   2  254.0746
2023   1   3  254.0062
2023   1   4  253.9446
2023   1   5  253.8871
2023   1   6  253.8388
2023   1   7  253.7900
2023   1   8  253.7475
2023   1   9  253.7038
2023   1  10  253.6646
2023   1  11  253.6321
2023   1  12  253.5962
2023   1  13  253.5675
2023   1  14  253.5367
2023   1  15  253.5004
2023   1  16  253.4683
2023   1  17  253.4371
2023   1  18  253.4042
2023   1  19  253.3754
2023   1  20  253.3396
2023   1  21  253.3071
2023   1  22  253.2788
2023   1  23  253.2471
2023   1  24  253.2133
2023   1  25  253.1858
2023   1  26  253.1612
2023   1  27  253.1312
2023   1  28  253.1004
2023   1  29  253.0779
2023   1  30  253.0554
2023   1  31  253.0283
2023   2   1  253.0008
2023   2   2  252.9675
2023   2   3  252.9392
2023   2   4  252.9121
2023   2   5  252.8842
2023   2   6  252.8533
2023   2   7  252.8292
2023   2   8  252.8017
2023   2   9  252.7821
2023   2  10  252.7588
2023   2  11  252.7346
2023   2  12  252.7125
2023   2  13  252.6875
2023   2  14  252.6542
2023   2  15  252.6308
2023   2  16  252.6017
2023   2  17  252.5787
2023   2  18  252.5558
2023   2  19  252.5296
2023   2  20  252.5000
2023   2  21  252.4708
2023   2  22  252.4462
2023   2  23  252.4192
2023   2  24  252.3950
2023   2  25  252.3621
2023   2  26  252.3354
2023   2  27  252.3154
2023   2  28  252.2917
2023   3   1  252.2667
2023   3   2  252.2358
2023   3   3  252.2183
2023   3   4  252.1971
2023   3   5  252.1754
2023   3   6  252.1562
2023   3   7  252.1333
2023   3   8  252.1150
2023   3   9  252.0967
2023   3  10  252.0746
2023   3  11  252.0517
2023   3  12  252.0354
2023   3  13  252.0204
2023   3  14  252.0063
2023   3  15  251.9871
2023   3  16  251.9704
2023   3  17  251.9537
2023   3  18  251.9375
2023   3  19  251.9204
2023   3  20  251.8971
2023   3  21  251.8750
2023   3  22  251.8621
2023   3  23  251.8492
2023   3  24  251.8233
2023   3  25  251.8142
2023   3  26  251.7912
2023   3  27  251.7808
2023   3  28  251.7654
2023   3  29  251.7467
2023   3  30  251.7333
2023   3  31  251.7229
2023   4   1  251.7112
2023   4   2  251.7029
2023   4   3  251.6925
2023   4   4  251.6854
2023   4   5  251.6750
2023   4   6  251.6692
2023   4   7  251.6608
2023   4   8  251.6525
2023   4   9  251.6450
2023   4  10  251.6262
2023   4  11  251.6146
2023   4  12  251.6058
2023   4  13  251.5983
2023   4  14  251.5892
2023   4  15  251.5742
2023   4  16  251.5554
2023   4  17  251.5279
2023   4  18  251.5154
2023   4  19  251.5179
2023   4  20  251.5200
2023   4  21  251.5275
2023   4  22  251.5300
2023   4  23  251.5300
2023   4  24  251.5300
2023   4  25  251.5300
2023   4  26  251.5300
2023   4  27  251.5300
2023   4  28  251.5300
2023   4  29  251.5300
2023   4  30  251.5300
2023   5   1  251.5296
2023   5   2  251.5301
2023   5   3  251.5304
2023   5   4  251.5304
2023   5   5  251.5305
2023   5   6  251.5311
2023   5   7  251.5301
2023   5   8  251.5297
2023   5   9  251.5295
2023   5  10  251.5295
2023   5  11  251.5302
2023   5  12  251.5301
2023   5  13  251.5299
2023   5  14  251.5298
2023   5  15  251.5295
2023   5  16  251.5298
2023   5  17  251.5305
2023   5  18  251.5309